メーカー,車種,年式,シフト,走行,型式,評価,価格,更新年月,グレード,排気量,車検,色,装備
メーカー,車種,年式,シフト,走行,型式,評価,価格(万円),更新年月 ▲,グレード,排気量,車検,色,装備
シトロエン,Ｃ４ カクタス 2WD,2016,ＡＴ,144,E3HM01,3 - 普通,9 ～ 13,2025年09月,,1200,,赤,AC NV TV AW SR 革
シトロエン,ＤＳ３ 3D 2WD,2013,ＡＴ,22,A5C5F01,3 - 普通,7 ～ 13,2025年09月,シック,1600,,白,AC NV TV AW SR 革
シトロエン,グランドＣ４ ピカソ 5D 2WD,2015,ＡＴ,80,B7875G01,4 - きれい,21 ～ 26,2025年09月,エクスクルーシブ,1600,8.9,黒,AC NV TV AW SR 革
シトロエン,ＤＳ３ 3D 2WD,2014,６ＭＴ,59,A5C5F02,5 - すごくきれい,17 ～ 21,2025年09月,スポーツシック,1600,,,AC NV TV AW SR 革
シトロエン,ＤＳ３ 3D 2WD,2014,６ＭＴ,116,A5C5F02,4 - きれい,13 ～ 15,2025年09月,スポーツシック,1600,7.7,白,AC NV TV AW SR 革
シトロエン,ＤＳ５ 2WD,2013,ＡＴ,47,B85F02,3 - 普通,16 ～ 21,2025年09月,,1600,,パール,AC NV TV AW SR 革
シトロエン,Ｃ４ ピカソ 5D 2WD,2015,ＣＡＴ,57,B785G01,4 - きれい,26 ～ 30,2025年09月,エクスクルーシブ,1600,8.3,茶,AC NV TV AW SR 革
シトロエン,ベルランゴ 5D 2WD,2022,ＡＴ,74,K9CYH01,4 - きれい,157 ～ 161,2025年09月,シャイン,1500,8.11,白,AC SR
シトロエン,ベルランゴ 2WD,2023,ＡＴ,21,K9CYH01,5 - すごくきれい,237 ～ 243,2025年09月,,1500,8.6,グレー,AC NV TV AW SR 革
シトロエン,クサラ 5D 2WD,2005,ＡＴ,52,N7NFU,4 - きれい,3 ～ 8,2025年09月,1.6,1600,,シルバー,AC NV TV AW SR 革
シトロエン,Ｃ３ 5D 2WD,2018,ＡＴ,18,B6HN01,4 - きれい,85 ～ 91,2025年09月,Ｌグリーン,1200,,,AC NV TV AW SR 革
シトロエン,Ｃ３ 5D 2WD,2019,ＡＴ,52,B6HN01,5 - すごくきれい,67 ～ 71,2025年09月,シャイン,1200,8.4,,AC NV TV AW SR 革
シトロエン,Ｃ５ 4D 2WD,2012,ＡＴ,64,X75F02,3 - 普通,10 ～ 13,2025年09月,エクスクルーシブ,1600,,グレー,AC NV TV AW SR 革
シトロエン,ＤＳ３ 3D 2WD,2012,６ＭＴ,133,A5C5F02,4 - きれい,11 ～ 16,2025年09月,スポーツシック,1600,9.7,青,AC NV TV AW SR 革
シトロエン,Ｃ３ 2WD,2016,ＡＴ,113,A5HM01,4 - きれい,8 ～ 12,2025年09月,,1200,,青,AC AW
シトロエン,Ｃ３ 5D 2WD,2017,ＡＴ,46,B6HN01,3 - 普通,25 ～ 31,2025年09月,シャイン,1200,,,AC NV TV AW
シトロエン,Ｃ３ 2WD,2017,ＡＴ,118,B6HN01,4 - きれい,13 ～ 19,2025年09月,黒II,1200,,,AC
シトロエン,２ＣＶ６ 4D 2WD,1983,４ＭＴ,18,AZA6,-1 - 修復歴あり,83 ～ 88,2025年09月,チャールストン,,,ワイン,AC NV TV AW SR 革
シトロエン,ＤＳ３ 3D 2WD,2013,ＡＴ,28,A5C5F01,5 - すごくきれい,28 ～ 31,2025年09月,シック ウルトラマリン,1600,7.11,,AC AW 革
シトロエン,Ｃ３ エアクロス 5D 2WD,2021,ＡＴ,56,A8HN05,5 - すごくきれい,96 ～ 101,2025年09月,シャインパッケージ,1200,,,AC NV TV AW SR 革
シトロエン,グランドＣ４ ピカソ 5D 2WD,2017,ＣＡＴ,43,B787AH01,3 - 普通,66 ～ 70,2025年09月,シャイン ブルーＨＤｉ レザーパッケージ,2000,8.2,青,AC NV TV AW SR 革
シトロエン,グランドＣ４ ピカソ 5D 2WD,2016,ＣＡＴ,68,B7875G01,5 - すごくきれい,50 ～ 53,2025年09月,エクスクルーシブ プラス,1600,8.3,黒,AC NV TV AW SR 革
シトロエン,Ｃ３ 2WD,2012,ＡＴ,68,A55F01,4 - きれい,10 ～ 12,2025年09月,,1600,9.6,白,AC AW
シトロエン,Ｃ４ 5D 2WD,2012,ＡＴ,84,B75F01,3 - 普通,8 ～ 13,2025年09月,セダクション,1600,,茶,AC NV TV AW SR 革
シトロエン,ベルランゴ 5D 2WD,2022,ＡＴ,42,K9CYH01,5 - すごくきれい,227 ～ 232,2025年09月,シャイン,1500,,ベージュ,AC NV TV AW SR
シトロエン,Ｃ５エアクロス 2WD,2021,ＡＴ,47,C84AH01,-1 - 修復歴あり,93 ～ 98,2025年09月,,2000,,パール,AC NV TV AW SR 革
シトロエン,Ｃ４ 5D 2WD,2012,６ＭＴ,28,B75F02S,5 - すごくきれい,15 ～ 19,2025年09月,エクスクルーシブ,1600,9.2,青,AC NV TV AW SR 革
シトロエン,Ｃ３ エアクロス 5D 2WD,2019,ＡＴ,50,A8HN05,4 - きれい,68 ～ 72,2025年09月,シャインパッケージ,1200,8.9,パール,AC NV TV AW SR 革
シトロエン,ＤＳ３ 3D 2WD,2013,ＡＴ,82,A5C5F01,4 - きれい,8 ～ 10,2025年09月,シック レザー エディション,1600,8.11,,AC AW 革
シトロエン,グランドＣ４ スペースツアラー 5D 2WD,2018,ＣＡＴ,39,B787AH01,4 - きれい,102 ～ 107,2025年09月,シャイン ブルーＨＤｉ,2000,,ベージュ,AC NV TV AW SR 革
シトロエン,Ｃ４ クーペ 2WD,2005,５ＭＴ,84,B5RFK,4 - きれい,8 ～ 10,2025年09月,２．０ＶＴＳ,2000,,ワイン,AC NV TV AW
シトロエン,Ｃ３ エアクロス 2WD,2019,ＡＴ,9,A8HN05,5 - すごくきれい,98 ～ 100,2025年09月,,1200,,白,AC NV TV AW
シトロエン,Ｃ４ ピカソ 5D 2WD,2015,ＣＡＴ,93,B785G01,4 - きれい,13 ～ 19,2025年09月,エクスクルーシブ,1600,9.4,白,AC NV TV AW SR 革
シトロエン,Ｃ３ 5D 2WD,2021,ＡＴ,38,B6HN05,5 - すごくきれい,108 ～ 111,2025年09月,モダンサロン,1200,8.7,ベージュ,AC AW
シトロエン,Ｃ３ エアクロス 5D 2WD,2020,ＡＴ,40,A8HN05,5 - すごくきれい,84 ～ 88,2025年09月,シャイン,1200,,,AC AW 革
シトロエン,グランドＣ４ ピカソ 5D 2WD,2015,ＣＡＴ,29,B7875G01,4 - きれい,24 ～ 27,2025年09月,１ｓｔアニバーサリー,1600,8.12,青,AC NV TV AW SR
シトロエン,Ｃ５エアクロス 5D 2WD,2019,ＡＴ,49,C84AH01,5 - すごくきれい,124 ～ 129,2025年09月,シャイン,2000,,黒,AC NV TV AW SR 革
シトロエン,ＤＳ３ 3D 2WD,2011,６ＭＴ,122,A5C5F04,4 - きれい,8 ～ 10,2025年09月,スポーツシック,1600,,,AC AW 革
シトロエン,Ｃ３ 5D 2WD,2016,ＡＴ,58,A5HM01,5 - すごくきれい,13 ～ 18,2025年09月,ライトブルー,1200,,,AC AW
シトロエン,Ｃ５ 2WD,2012,ＡＴ,88,X75F02,4 - きれい,7 ～ 13,2025年09月,,1600,,パール,AC NV TV AW SR 革
シトロエン,Ｃ３ 5D 2WD,2021,ＡＴ,69,B6HN05,5 - すごくきれい,78 ～ 81,2025年09月,モダンサロン,1200,8.6,,AC NV TV AW
シトロエン,Ｃ５ 4D 2WD,2010,ＡＴ,101,X7RFJ,4 - きれい,6 ～ 10,2025年09月,2.0,2000,,グレー,AC NV TV AW SR 革
シトロエン,Ｃ４ ピカソ 2WD,2015,ＡＴ,67,B785G01,5 - すごくきれい,23 ～ 28,2025年09月,,1600,9.3,白,AC NV TV AW SR 革
シトロエン,Ｃ３ 5D 2WD,2016,ＡＴ,24,A5HM01,5 - すごくきれい,18 ～ 22,2025年09月,フィール,1200,,パール,AC NV TV AW
シトロエン,Ｃ４ 5D 2WD,2013,ＡＴ,79,B75F02,4 - きれい,16 ～ 20,2025年09月,エクスクルーシブ,1600,9.7,グレー,AC AW 革
シトロエン,ＤＳ４ 5D 2WD,2012,ＡＴ,40,B7C5F02S,4 - きれい,16 ～ 18,2025年09月,シック,1600,,白,AC NV TV AW SR 革
シトロエン,グランドＣ４ ピカソ 5D 2WD,2015,ＣＡＴ,59,B7875G01,5 - すごくきれい,27 ～ 30,2025年09月,セダクション,1600,9.1,茶,AC AW SR
シトロエン,ＤＳ５ 5D 2WD,2013,ＡＴ,38,B85F02,4 - きれい,43 ～ 46,2025年09月,シック,1600,8.8,パール,AC NV TV AW SR 革
シトロエン,Ｃ３ エアクロス 5D 2WD,2022,ＡＴ,5,A8HN05,5 - すごくきれい,189 ～ 193,2025年09月,シャイン,1200,8.11,白,AC NV TV AW 革
シトロエン,グランドＣ４ ピカソ 5D 2WD,2018,ＣＡＴ,53,B787AH01,3 - 普通,64 ～ 67,2025年09月,シャイン ブルーＨＤｉ,2000,,ベージュ,AC NV TV AW SR
シトロエン,Ｃ４ ピカソ 5D 2WD,2015,ＣＡＴ,93,B785G01,4 - きれい,9 ～ 11,2025年09月,エクスクルーシブ,1600,9.4,白,AC NV TV AW SR 革
シトロエン,Ｃ３ 5D 2WD,2015,ＡＴ,103,A5HM01,4 - きれい,12 ～ 18,2025年09月,セダクション,1200,8.11,パール,AC AW
シトロエン,Ｃ３ 5D 2WD,2015,ＡＴ,26,A5HM01,5 - すごくきれい,19 ～ 21,2025年09月,セダクション,1200,8.5,パール,AC AW
シトロエン,Ｃ３ 5D 2WD,2020,ＡＴ,69,B6HN05,5 - すごくきれい,56 ～ 59,2025年09月,フィール,1200,,白,AC AW
シトロエン,ベルランゴ 5D 2WD,2021,ＡＴ,43,K9CYH01,4 - きれい,194 ～ 198,2025年09月,シャイン ＸＴＲ パック,1500,8.8,ベージュ,AC AW SR
シトロエン,ＤＳ５ 5D 2WD,2014,ＡＴ,72,B85F02,4 - きれい,21 ～ 23,2025年09月,シック,1600,,,AC NV TV AW SR 革
シトロエン,Ｃ３ 2WD,2015,ＡＴ,26,A5HM01,3 - 普通,4 ～ 7,2025年09月,,1200,8.4,青,AC AW
シトロエン,Ｃ３ エアクロス 5D 2WD,2022,ＡＴ,7,A8YH01,5 - すごくきれい,201 ～ 206,2025年09月,シャインパック ブルーＨＤｉ デビューエディション,1500,7.11,,AC NV TV AW SR
シトロエン,Ｃ３ エアクロス 5D 2WD,2019,ＡＴ,43,A8HN05,5 - すごくきれい,84 ～ 89,2025年09月,オリジンズ,1200,8.10,,AC NV TV AW 革
シトロエン,Ｃ５ Ｘ 5D 2WD,2023,ＡＴ,25,E435G06,5 - すごくきれい,262 ～ 266,2025年09月,シャインパック,1600,8.4,パール,AC NV TV AW SR 革
シトロエン,ベルランゴ 5D 2WD,2020,ＡＴ,45,K9CYH01,5 - すごくきれい,199 ～ 201,2025年09月,シャイン,1500,,緑,AC AW SR
シトロエン,Ｃ３ エアクロス 5D 2WD,2019,ＡＴ,42,A8HN05,5 - すごくきれい,92 ～ 97,2025年09月,シャインパッケージ,1200,9.4,,AC NV TV AW SR
シトロエン,Ｃ３ エアクロス 5D 2WD,2020,ＡＴ,32,A8HN05,5 - すごくきれい,92 ～ 96,2025年09月,シャイン,1200,,,AC AW
シトロエン,Ｃ３ 2WD,2012,ＡＴ,43,A55F01,4 - きれい,7 ～ 10,2025年09月,,1600,,赤,AC
シトロエン,Ｃ４ ピカソ 5D 2WD,2017,ＣＡＴ,70,B785G01,4 - きれい,37 ～ 42,2025年09月,シャイン,1600,8.7,赤,AC AW SR 革
シトロエン,Ｃ４ 5D 2WD,2018,ＡＴ,62,B7BH01,5 - すごくきれい,30 ～ 33,2025年09月,シャイン ブルーＨＤｉ,1600,9.4,茶,AC AW
シトロエン,Ｃ３ エアクロス 5D 2WD,2019,ＡＴ,31,A8HN05,5 - すごくきれい,87 ～ 92,2025年09月,オレンジII,1200,9.1,,AC AW
シトロエン,ベルランゴ 5D 2WD,2021,ＡＴ,38,K9CYH01,5 - すごくきれい,222 ～ 227,2025年09月,シャイン,1500,8.3,ベージュ,AC NV TV AW SR
シトロエン,Ｃ４ 5D 2WD,2022,ＡＴ,29,C41HN05,5 - すごくきれい,166 ～ 170,2025年09月,シャイン,1200,,白,AC NV TV AW SR 革
シトロエン,グランドＣ４ ピカソ 5D 2WD,2017,ＡＴ,61,B7875G01,3 - 普通,64 ～ 69,2025年09月,シャイン,1600,8.8,パール,AC NV TV AW SR
シトロエン,Ｃ４ 5D 2WD,2022,ＡＴ,22,C41YH01,5 - すごくきれい,176 ～ 179,2025年09月,シャイン ブルーＨＤｉ,1500,,青,AC NV TV AW SR 革
シトロエン,Ｃ３ 5D 2WD,2018,ＡＴ,52,B6HN01,4 - きれい,44 ～ 46,2025年09月,シャイン,1200,9.6,,AC NV TV AW
シトロエン,ＤＳ５ 5D 2WD,2012,ＡＴ,75,B85F02,3 - 普通,9 ～ 13,2025年09月,シック,1600,7.8,,AC NV TV AW 革
シトロエン,Ｃ３ エアクロス 5D 2WD,2023,ＡＴ,10,A8YH01,5 - すごくきれい,214 ～ 216,2025年09月,シャインパック ブルーＨＤｉ,1500,8.6,,AC NV TV AW SR 革
シトロエン,ベルランゴ 5D 2WD,2022,ＡＴ,23,K9CYH01,5 - すごくきれい,235 ～ 237,2025年09月,シャイン ＸＴＲ パック,1500,7.9,白,AC NV TV AW SR
シトロエン,Ｃ３ 5D 2WD,2018,ＡＴ,70,B6HN01,5 - すごくきれい,43 ～ 46,2025年09月,コロラドエディション,1200,,,AC NV TV AW 革
シトロエン,Ｃ３ エアクロス 5D 2WD,2023,ＡＴ,9,A8YH01,5 - すごくきれい,205 ～ 209,2025年09月,シャインパック ブルーＨＤｉ,1500,8.7,,AC AW SR 革
シトロエン,ベルランゴ 5D 2WD,2022,ＡＴ,46,K9CYH01,5 - すごくきれい,223 ～ 226,2025年09月,シャイン,1500,9.8,ベージュ,AC AW SR
シトロエン,Ｃ５ 5D 2WD,2011,ＡＴ,90,X75F02,4 - きれい,18 ～ 23,2025年09月,ツアラー エクスクルーシブ,1600,8.10,白,AC NV TV AW SR 革
シトロエン,Ｃ５エアクロス 2WD,2020,ＡＴ,32,C84AH01,5 - すごくきれい,128 ～ 134,2025年09月,ガンＭII,2000,,,AC NV TV AW SR 革
シトロエン,ベルランゴ 5D 2WD,2021,ＡＴ,50,K9CYH01,4 - きれい,166 ～ 170,2025年09月,シャイン,1500,8.3,白,AC AW
シトロエン,ベルランゴ 5D 2WD,2023,ＡＴ,27,K9CYH01L,5 - すごくきれい,297 ～ 301,2025年09月,ロング シャイン ブルーＨＤｉ,1500,8.10,グレー,AC AW
シトロエン,Ｃ３ 5D 2WD,2012,ＡＴ,100,A55F01,4 - きれい,5 ～ 10,2025年09月,セダクション,1600,8.4,青,AC AW
シトロエン,ベルランゴ 5D 2WD,2022,ＡＴ,14,K9CYH01,5 - すごくきれい,246 ～ 251,2025年09月,シャイン,1500,,ベージュ,AC AW
シトロエン,Ｃ４ 2WD,2018,ＡＴ,119,B7BH01,3 - 普通,12 ～ 16,2025年09月,茶Ｍ,1600,,,AC NV TV AW 革
シトロエン,ベルランゴ 5D 2WD,2021,ＡＴ,20,K9CYH01,5 - すごくきれい,243 ～ 247,2025年09月,シャイン,1500,,ベージュ,AC AW SR
シトロエン,Ｃ５エアクロス 2WD,2022,ＡＴ,17,C84AH01,5 - すごくきれい,196 ～ 200,2025年09月,パールII,2000,8.1,,AC NV TV AW SR 革
シトロエン,Ｃ３ エアクロス 5D 2WD,2020,ＡＴ,37,A8HN05,5 - すごくきれい,88 ～ 92,2025年09月,グレーII,1200,9.3,,AC AW
シトロエン,ＤＳ３ 3D 2WD,2010,ＡＴ,71,A5C5F01,4 - きれい,10 ～ 16,2025年09月,シック ウルトラプレステージ,1600,,黒,AC NV TV AW
シトロエン,エグザンティア 5D 2WD,2000,ＡＴ,199,X2RFW,3 - 普通,14 ～ 17,2025年09月,ブレーク エクスクルーシブ,2000,7.10,シルバー,AC NV TV AW SR 革
シトロエン,グランドＣ４ ピカソ 5D 2WD,2018,ＣＡＴ,33,B787AH01,5 - すごくきれい,114 ～ 117,2025年09月,シャイン ブルーＨＤｉ,2000,,青,AC NV TV AW SR
シトロエン,ベルランゴ 2WD,2023,ＡＴ,21,K9CYH01,5 - すごくきれい,201 ～ 207,2025年09月,,1500,9.1,白,AC
シトロエン,ＤＳ３カブリオ 3D 2WD,2014,６ＭＴ,78,A5C5F02,4 - きれい,5 ～ 10,2025年09月,スポーツシック,1600,,白,AC NV TV AW SR 革
シトロエン,Ｃ３ 5D 2WD,2018,ＡＴ,9,B6HN01,3 - 普通,54 ～ 57,2025年09月,シャイン,1200,9.2,オレンジ,AC SR
シトロエン,Ｃ３ 5D 2WD,2018,ＡＴ,22,B6HN01,4 - きれい,82 ～ 86,2025年09月,ＬグリーンII,1200,,,AC NV TV AW
シトロエン,ＤＳ３ 2WD,2012,ＡＴ,124,A5C5F01,4 - きれい,2 ～ 6,2025年09月,赤II,1600,,,AC AW
シトロエン,ベルランゴ 5D 2WD,2021,ＡＴ,53,K9CYH01,3 - 普通,158 ～ 163,2025年09月,シャイン,1500,8.7,ベージュ,AC AW SR
シトロエン,Ｃ４ ピカソ 5D 2WD,2008,ＣＡＴ,100,B58RFJP,3 - 普通,4 ～ 8,2025年09月,２．０エクスクルーシブ,2000,,ゴールド,AC NV TV AW SR 革
シトロエン,Ｃ４ カクタス 5D 2WD,2016,ＡＴ,132,E3HM01,3 - 普通,28 ～ 34,2025年09月,ベースグレード,1200,7.11,赤,AC NV TV AW SR 革
シトロエン,Ｃ５ Ｘ 5D 2WD,2023,ＡＴ,27,E435G06,5 - すごくきれい,247 ～ 251,2025年09月,シャインパック,1600,8.4,パール,AC NV TV AW SR 革
シトロエン,ベルランゴ 5D 2WD,2023,ＡＴ,13,K9CYH01L,5 - すごくきれい,290 ～ 293,2025年09月,ロング シャイン ブルーＨＤｉ ＸＴＲ パック,1500,8.2,グレー,AC AW
シトロエン,Ｃ３ 5D 2WD,2018,ＡＴ,38,B6HN01,5 - すごくきれい,82 ～ 86,2025年09月,カフェエディション,1200,9.4,ベージュ,AC NV TV AW 革
シトロエン,Ｃ３ 5D 2WD,2016,ＡＴ,33,A5HM01,3 - 普通,20 ～ 23,2025年09月,セダクション レザー,1200,9.2,白,AC 革
シトロエン,グランドＣ４ ピカソ 5D 2WD,2017,ＣＡＴ,91,B7875G01,4 - きれい,31 ～ 35,2025年09月,エクスクルーシブ プラス,1600,,赤,AC NV TV AW
シトロエン,Ｃ３ エアクロス 5D 2WD,2020,ＡＴ,28,A8HN05,5 - すごくきれい,97 ～ 100,2025年09月,シャイン,1200,,,AC NV TV AW
シトロエン,ＤＳ３カブリオ 3D 2WD,2013,６ＭＴ,125,A5C5F02,4 - きれい,15 ～ 18,2025年09月,スポーツシック,1600,8.5,,AC NV TV AW SR 革
シトロエン,Ｃ３ 5D 2WD,2020,ＡＴ,29,B6HN05,5 - すごくきれい,102 ～ 105,2025年09月,オレンジII,1200,,,AC NV TV AW
シトロエン,ＤＳ３ 2WD,2011,ＡＴ,150,A5C5F01,3 - 普通,5 ～ 10,2025年09月,グレーII,1600,,,AC AW 革
シトロエン,Ｃ５エアクロス 5D 2WD,2021,ＡＴ,19,C845G06,5 - すごくきれい,155 ～ 159,2025年09月,グレーII,1600,7.12,,AC AW
シトロエン,Ｃ３ 2WD,2016,ＡＴ,109,A5HM01,4 - きれい,4 ～ 7,2025年09月,,1200,,青,AC AW
シトロエン,グランドＣ４ ピカソ 5D 2WD,2017,ＣＡＴ,77,B787AH01,3 - 普通,39 ～ 43,2025年09月,フィール ブルーＨＤｉ,2000,8.7,ワイン,AC NV TV AW SR
シトロエン,グランドＣ４ ピカソ 5D 2WD,2017,ＣＡＴ,59,B787AH01,5 - すごくきれい,58 ～ 61,2025年09月,シャイン ブルーＨＤｉ,2000,8.5,,AC AW SR
シトロエン,ベルランゴ 5D 2WD,2020,ＡＴ,13,K9CYH01,5 - すごくきれい,203 ～ 208,2025年09月,フィール,1500,,,AC
シトロエン,Ｃ３ 5D 2WD,2017,ＡＴ,120,B6HN01,4 - きれい,26 ～ 31,2025年09月,シャイン,1200,,,AC NV TV
シトロエン,Ｃ３ 5D 2WD,2018,ＡＴ,32,B6HN01,5 - すごくきれい,86 ～ 90,2025年09月,ライトブルーII,1200,,,AC AW
シトロエン,グランドＣ４ ピカソ 5D 2WD,2014,ＣＡＴ,88,B7875G01,5 - すごくきれい,22 ～ 25,2025年09月,エクスクルーシブ,1600,,青,AC AW
シトロエン,Ｃ３ 5D 2WD,2015,ＡＴ,107,A5HM01,3 - 普通,4 ～ 10,2025年09月,セダクション,1200,8.7,白,AC AW
シトロエン,Ｃ４ 5D 2WD,2018,ＡＴ,72,B7BH01,3 - 普通,23 ～ 26,2025年09月,シャイン ブルーＨＤｉ,1600,9.11,白,AC NV TV AW SR
シトロエン,グランドＣ４ ピカソ 5D 2WD,2015,ＣＡＴ,86,B7875G01,3 - 普通,13 ～ 17,2025年09月,エクスクルーシブ,1600,8.9,黒,AC NV TV AW SR
シトロエン,Ｃ３ エアクロス 5D 2WD,2020,ＡＴ,57,A8HN05,5 - すごくきれい,91 ～ 94,2025年09月,シャインパッケージ,1200,,,AC AW SR
シトロエン,ベルランゴ 5D 2WD,2021,ＡＴ,38,K9CYH01,4 - きれい,193 ～ 198,2025年09月,シャイン ＸＴＲ パック,1500,,白,AC NV TV AW SR
シトロエン,ＤＳ５ 5D 2WD,2012,ＡＴ,75,B85F02,4 - きれい,28 ～ 30,2025年09月,シック,1600,9.4,黒,AC NV TV AW SR 革
シトロエン,ＤＳ４ 5D 2WD,2012,ＡＴ,43,B7C5F02S,4 - きれい,7 ～ 12,2025年09月,シック,1600,,白,AC NV TV AW SR 革
シトロエン,Ｃ６ 2WD,2007,ＡＴ,150,X6XFV,3 - 普通,8 ～ 12,2025年09月,,3000,,黒,AC NV TV AW SR 革
シトロエン,Ｃ３ エアクロス 5D 2WD,2023,ＡＴ,17,A8YH01,5 - すごくきれい,199 ～ 203,2025年09月,サーフエディション・バイ・リップカール,1500,8.5,,AC AW 革
シトロエン,Ｃ３ 5D 2WD,2019,ＡＴ,86,B6HN01,-1 - 修復歴あり,24 ～ 27,2025年09月,シャイン,1200,,,AC NV TV AW
シトロエン,Ｃ４ ピカソ 5D 2WD,2012,ＡＴ,13,B585F02P,5 - すごくきれい,17 ～ 22,2025年09月,１．６Ｔエクスクルーシブ,1600,,黒,AC NV TV AW SR 革
シトロエン,Ｃ３ 5D 2WD,2017,ＡＴ,41,B6HN01,3 - 普通,24 ～ 27,2025年09月,シャイン,1200,,,AC NV TV AW
シトロエン,Ｃ３ 5D 2WD,2019,ＡＴ,57,B6HN01,5 - すごくきれい,53 ～ 57,2025年09月,セントジェームス,1200,9.1,,AC AW
シトロエン,Ｃ３ エアクロス 5D 2WD,2021,ＡＴ,52,A8HN05,4 - きれい,90 ～ 95,2025年09月,シャインパッケージ,1200,,,AC SR
シトロエン,グランドＣ４ スペースツアラー 5D 2WD,2018,ＣＡＴ,114,B7875G01,4 - きれい,26 ～ 30,2025年09月,シャイン,1600,9.6,青,AC SR
シトロエン,ＤＳ３ 3D 2WD,2013,ＡＴ,31,A5C5F01,5 - すごくきれい,19 ～ 22,2025年09月,シック ウルトラマリン,1600,7.11,,AC NV TV AW
シトロエン,Ｃ５エアクロス 2WD,2020,ＡＴ,54,C84AH01,5 - すごくきれい,151 ～ 155,2025年09月,グレーII,2000,,,AC NV TV AW 革
シトロエン,Ｃ３ エアクロス 5D 2WD,2021,ＡＴ,40,A8HN05,5 - すごくきれい,101 ～ 106,2025年09月,シャインパッケージ,1200,,,AC AW SR
シトロエン,Ｃ３ エアクロス 5D 2WD,2019,ＡＴ,53,A8HN05,5 - すごくきれい,77 ～ 79,2025年09月,ベージュII,1200,,,AC
シトロエン,Ｃ５エアクロス 5D 2WD,2021,ＡＴ,19,C845G06,5 - すごくきれい,146 ～ 151,2025年09月,グレーII,1600,8.1,,AC AW
シトロエン,Ｃ５エアクロス 2WD,2021,ＡＴ,95,C84AH01,5 - すごくきれい,98 ～ 101,2025年09月,,2000,8.5,黒,AC AW
シトロエン,Ｃ３ 5D 2WD,2019,ＡＴ,28,B6HN01,5 - すごくきれい,97 ～ 103,2025年09月,ＬグリーンII,1200,8.2,,AC AW
シトロエン,Ｃ３ エアクロス 5D 2WD,2022,ＡＴ,20,A8HN05,5 - すごくきれい,162 ～ 165,2025年09月,グレーII,1200,,,AC AW 革
シトロエン,Ｃ３ 5D 2WD,2010,ＡＴ,74,A55F01,4 - きれい,10 ～ 12,2025年09月,エクスクルーシブ,1600,,青,AC AW
シトロエン,Ｃ３ 5D 2WD,2019,ＡＴ,62,B6HN01,5 - すごくきれい,55 ～ 57,2025年09月,シャイン,1200,8.2,,AC AW
シトロエン,Ｃ３ 5D 2WD,2018,ＡＴ,17,B6HN01,4 - きれい,68 ～ 73,2025年09月,シャイン,1200,,白,AC
シトロエン,Ｃ４ 5D 2WD,2007,ＡＴ,25,B5NFU,3 - 普通,18 ～ 23,2025年09月,1.6,1600,,ベージュ,AC NV TV AW SR 革
シトロエン,Ｃ４ カクタス 5D 2WD,2016,ＡＴ,91,E3HM01,5 - すごくきれい,30 ～ 34,2025年09月,ベースグレード,1200,7.9,赤,AC NV TV AW
シトロエン,Ｃ３ 5D 2WD,2019,ＡＴ,47,B6HN01,5 - すごくきれい,89 ～ 92,2025年09月,オリジンズ,1200,8.4,,AC NV TV AW
シトロエン,Ｃ５エアクロス 5D 2WD,2020,ＡＴ,86,C84AH01,4 - きれい,71 ～ 77,2025年09月,緑II,2000,9.6,,AC NV TV AW 革
シトロエン,ベルランゴ 5D 2WD,2020,ＡＴ,33,K9CYH01,5 - すごくきれい,218 ～ 222,2025年09月,シャイン ＸＴＲ パック,1500,8.1,グレー,AC AW SR
シトロエン,ＤＳ３ 3D 2WD,2011,ＡＴ,57,A5C5F01,4 - きれい,7 ～ 13,2025年09月,シック,1600,,,AC
シトロエン,Ｃ３ 5D 2WD,2018,ＡＴ,22,B6HN01,5 - すごくきれい,92 ～ 96,2025年09月,フィール,1200,,ベージュ,AC AW
シトロエン,Ｃ３ 5D 2WD,2018,ＡＴ,104,B6HN01,4 - きれい,26 ～ 28,2025年09月,ＬグリーンII,1200,7.10,,AC AW
シトロエン,Ｃ３ エアクロス 5D 2WD,2021,ＡＴ,29,A8HN05,4 - きれい,97 ～ 101,2025年09月,シャインパッケージ,1200,,,AC AW SR
シトロエン,Ｃ３ 5D 2WD,2021,ＡＴ,31,B6HN05,5 - すごくきれい,110 ～ 115,2025年09月,ベージュII,1200,,,AC
シトロエン,Ｃ３ 5D 2WD,2019,ＡＴ,69,B6HN01,5 - すごくきれい,41 ～ 46,2025年09月,シャイン,1200,7.10,,AC AW
シトロエン,Ｃ５ 4D 2WD,2010,ＡＴ,63,X75F02,5 - すごくきれい,14 ～ 19,2025年09月,エクスクルーシブ,1600,,シルバー,AC NV TV AW SR 革
シトロエン,Ｃ３ 5D 2WD,2018,ＡＴ,50,B6HN01,4 - きれい,52 ～ 58,2025年09月,コロラドエディション,1200,,,AC NV TV AW 革
シトロエン,グランドＣ４ ピカソ 5D 2WD,2018,ＡＴ,113,B787AH01,4 - きれい,58 ～ 62,2025年09月,シャイン ブルーＨＤｉ,2000,,白,AC AW
シトロエン,Ｃ３ エアクロス 5D 2WD,2023,ＡＴ,10,A8YH01,5 - すごくきれい,199 ～ 202,2025年09月,シャインパック ブルーＨＤｉ,1500,8.5,,AC AW SR
シトロエン,Ｃ５エアクロス 5D 2WD,2023,ＡＴ,16,C845G06H,5 - すごくきれい,246 ～ 249,2025年09月,シャインパック プラグインハイブリッド,1600,8.9,紺,AC AW SR 革
シトロエン,ベルランゴ 5D 2WD,2021,ＡＴ,47,K9CYH01,5 - すごくきれい,215 ～ 217,2025年09月,シャイン ＸＴＲ パック,1500,8.9,ベージュ,AC AW SR
シトロエン,Ｃ５エアクロス 5D 2WD,2024,ＡＴ,0,C845G06H,5 - すごくきれい,285 ～ 291,2025年09月,マックス プラグインハイブリッド,1600,9.6,青,AC AW SR 革
シトロエン,ベルランゴ 5D 2WD,2021,ＡＴ,22,K9CYH01,5 - すごくきれい,246 ～ 250,2025年09月,シャイン,1500,8.9,ベージュ,AC AW SR
シトロエン,Ｃ５ 4D 2WD,2012,ＡＴ,74,X75F02,-1 - 修復歴あり,17 ～ 20,2025年09月,エクスクルーシブ,1600,9.3,白,AC NV TV AW SR 革
シトロエン,Ｃ３ 5D 2WD,2018,ＡＴ,35,B6HN01,5 - すごくきれい,92 ～ 94,2025年09月,コロラドエディション,1200,7.10,,AC NV TV AW
シトロエン,ベルランゴ 5D 2WD,2022,ＡＴ,38,K9CYH01,5 - すごくきれい,237 ～ 243,2025年09月,シャイン ＸＴＲ パック,1500,,ベージュ,AC AW SR
シトロエン,ベルランゴ 5D 2WD,2021,ＡＴ,20,K9CYH01,5 - すごくきれい,239 ～ 243,2025年09月,シャイン,1500,8.5,ベージュ,AC NV TV AW SR
シトロエン,Ｃ３ 5D 2WD,2019,ＡＴ,47,B6HN01,4 - きれい,59 ～ 61,2025年09月,シャイン,1200,,ベージュ,AC NV TV AW
シトロエン,Ｃ３ 5D 2WD,2020,ＡＴ,38,B6HN05,5 - すごくきれい,109 ～ 114,2025年09月,ＬグリーンII,1200,,,AC AW
シトロエン,Ｃ３ 2WD,2017,ＡＴ,25,B6HN01,4 - きれい,59 ～ 64,2025年09月,ベージュII,1200,,,AC
シトロエン,Ｃ３ エアクロス 5D 2WD,2019,ＡＴ,47,A8HN05,5 - すごくきれい,88 ～ 92,2025年09月,シャインパッケージ,1200,8.8,,AC AW SR
シトロエン,Ｃ３ 2WD,2015,ＡＴ,126,A5HM01,3 - 普通,5 ～ 10,2025年09月,,1200,,パープル,AC
シトロエン,Ｃ５エアクロス 2WD,2023,ＡＴ,7,C84AH01,5 - すごくきれい,305 ～ 309,2025年09月,,2000,9.2,白,AC AW SR 革
シトロエン,ＤＳ５ 5D 2WD,2012,ＡＴ,102,B85F02,4 - きれい,10 ～ 16,2025年09月,シック,1600,7.11,白,AC NV TV AW 革
シトロエン,Ｃ４ 5D 2WD,2022,ＡＴ,17,C41YH01,5 - すごくきれい,182 ～ 186,2025年09月,シャイン ブルーＨＤｉ,1500,,オレンジ,AC AW SR 革
シトロエン,Ｃ３ エアクロス 5D 2WD,2022,ＡＴ,5,A8HN05,5 - すごくきれい,180 ～ 184,2025年09月,シャイン,1200,8.11,白,AC AW
シトロエン,Ｃ５エアクロス 2WD,2021,ＡＴ,33,C84AH01,5 - すごくきれい,165 ～ 167,2025年09月,,2000,,白,AC NV TV AW
シトロエン,Ｃ３ 5D 2WD,2019,ＡＴ,130,B6HN01,4 - きれい,30 ～ 34,2025年09月,オリジンズ,1200,8.7,,AC AW
シトロエン,Ｃ３ エアクロス 5D 2WD,2020,ＡＴ,73,A8HN05,4 - きれい,59 ～ 65,2025年09月,シャインパッケージ,1200,9.2,,AC NV TV AW SR
シトロエン,Ｃ３ 5D 2WD,2022,ＡＴ,10,B6HN05,4 - きれい,87 ～ 91,2025年09月,フィール,1200,,白,AC AW
シトロエン,Ｃ３ エアクロス 5D 2WD,2022,ＡＴ,27,A8YH01,5 - すごくきれい,204 ～ 208,2025年09月,シャイン ブルーＨＤｉ,1500,9.4,,AC NV TV AW 革
シトロエン,Ｃ５エアクロス 2WD,2021,ＡＴ,13,C84AH01,5 - すごくきれい,187 ～ 191,2025年09月,,2000,8.9,パール,AC NV TV AW SR 革
シトロエン,Ｃ５ 4D 2WD,2011,ＡＴ,80,X75F02,4 - きれい,12 ～ 16,2025年09月,セダクション,1600,,シルバー,AC NV TV AW SR 革
シトロエン,Ｃ３ 5D 2WD,2020,ＡＴ,38,B6HN05,5 - すごくきれい,78 ～ 81,2025年09月,カラメルエディション,1200,9.10,白,AC NV TV AW SR 革
シトロエン,ＤＳ３ 3D 2WD,2010,ＡＴ,51,A5C5F01,4 - きれい,7 ～ 9,2025年09月,シック,1600,,,AC AW
シトロエン,グランドＣ４ ピカソ 5D 2WD,2014,ＣＡＴ,123,B7875G01,4 - きれい,11 ～ 16,2025年09月,エクスクルーシブ,1600,,青,AC
シトロエン,Ｃ３ 5D 2WD,2021,ＡＴ,16,B6HN05,5 - すごくきれい,130 ～ 135,2025年09月,シャイン,1200,,白,AC NV TV AW SR 革
シトロエン,ＤＳ５ 5D 2WD,2012,ＡＴ,49,B85F02,4 - きれい,24 ～ 26,2025年09月,シック,1600,7.11,パール,AC AW SR 革
シトロエン,Ｃ３ エアクロス 5D 2WD,2020,ＡＴ,13,A8HN05,5 - すごくきれい,116 ～ 118,2025年09月,フィール,1200,8.11,白,AC
シトロエン,Ｃ３ エアクロス 5D 2WD,2020,ＡＴ,75,A8HN05,5 - すごくきれい,61 ～ 64,2025年09月,Ｃシリーズ シックエディション,1200,,,AC
シトロエン,Ｃ４ 5D 2WD,2017,ＡＴ,101,B7BH01,4 - きれい,19 ～ 24,2025年09月,フィール ブルーＨＤｉ,1600,8.2,黒,AC NV TV AW
シトロエン,Ｃ４ カクタス 5D 2WD,2017,ＡＴ,74,E3HM01,4 - きれい,54 ～ 59,2025年09月,ベースグレード,1200,8.10,パール,AC AW 革
シトロエン,Ｃ３ 5D 2WD,2010,ＡＴ,74,A55F01,4 - きれい,5 ～ 8,2025年09月,エクスクルーシブ,1600,8.2,青,AC NV TV AW
シトロエン,Ｃ３ 5D 2WD,2019,ＡＴ,19,B6HN01,5 - すごくきれい,85 ～ 89,2025年09月,セントジェームス,1200,8.6,,AC AW
シトロエン,Ｃ３ 5D 2WD,2012,ＡＴ,33,A55F01,3 - 普通,7 ～ 9,2025年09月,エクスクルーシブ,1600,,赤,AC NV TV AW
シトロエン,グランドＣ４ スペースツアラー 5D 2WD,2018,ＡＴ,30,B787AH01,5 - すごくきれい,189 ～ 193,2025年09月,シャイン ブルーＨＤｉ,2000,8.4,グレー,AC AW SR 革
シトロエン,Ｃ５ Ｘ 5D 2WD,2022,ＡＴ,17,E435G06H,5 - すごくきれい,249 ～ 252,2025年09月,シャインパック プラグインハイブリッド,1600,,,AC NV TV AW SR 革
シトロエン,ＤＳ４ 2WD,2013,ＡＴ,80,B7C5F06S,3 - 普通,14 ～ 18,2025年09月,,1600,8.10,白,AC NV TV AW SR 革
シトロエン,Ｃ３ 5D 2WD,2020,ＡＴ,82,B6HN05,-1 - 修復歴あり,40 ～ 43,2025年09月,カラメルエディション,1200,,,AC
シトロエン,ＤＳ３ 3D 2WD,2011,ＡＴ,91,A5C5F01,4 - きれい,9 ～ 11,2025年09月,グレーII,1600,9.4,,AC AW
シトロエン,Ｃ４ 5D 2WD,2016,ＡＴ,75,B7BH01,5 - すごくきれい,13 ～ 18,2025年09月,フィール ブルーＨＤｉ,1600,,白,AC AW
シトロエン,Ｃ４ ピカソ 5D 2WD,2012,ＣＡＴ,163,B585F02P,3 - 普通,8 ～ 11,2025年09月,リミテッドスタイル,1600,,白,AC NV TV AW 革
シトロエン,Ｃ３ 2WD,2019,ＡＴ,24,B6HN01,5 - すごくきれい,78 ～ 80,2025年09月,ライトブルーII,1200,8.2,,AC NV TV AW
シトロエン,Ｃ６ 4D 2WD,2008,ＡＴ,99,X6XFV,3 - 普通,19 ～ 23,2025年09月,シルバースタイルエディション,3000,,シルバー,AC NV TV AW SR 革
シトロエン,Ｃ３ 5D 2WD,2014,ＡＴ,48,A5HM01,-1 - 修復歴あり,8 ～ 12,2025年09月,レザーエディション,1200,,パール,AC NV TV AW 革
シトロエン,Ｃ３ 5D 2WD,2018,ＡＴ,23,B6HN01,5 - すごくきれい,58 ～ 62,2025年09月,シャイン,1200,,,AC AW
シトロエン,Ｃ４ カクタス 5D 2WD,2017,ＡＴ,29,E3HM01,5 - すごくきれい,78 ～ 81,2025年09月,ベースグレード,1200,,赤,AC NV TV AW SR 革
シトロエン,Ｃ３ エアクロス 5D 2WD,2020,ＡＴ,39,A8HN05,5 - すごくきれい,105 ～ 107,2025年09月,グレーII,1200,,,AC AW
シトロエン,Ｃ３ 5D 2WD,2010,ＡＴ,127,A55F01,4 - きれい,5 ～ 10,2025年09月,ベースグレード,1600,,赤,AC AW
シトロエン,Ｃ３ 5D 2WD,2017,ＡＴ,65,B6HN01,5 - すごくきれい,29 ～ 35,2025年09月,オレンジII,1200,,,AC AW
シトロエン,Ｃ３ 5D 2WD,2019,ＡＴ,123,B6HN01,4 - きれい,28 ～ 34,2025年09月,シャイン,1200,8.5,,AC NV TV AW
シトロエン,Ｃ３ 5D 2WD,2017,ＡＴ,33,B6HN01,5 - すごくきれい,62 ～ 66,2025年09月,シャイン デビューエディション,1200,,,AC NV TV AW 革
シトロエン,Ｃ３ 5D 2WD,2017,ＡＴ,42,B6HN01,5 - すごくきれい,52 ～ 55,2025年09月,シャイン,1200,9.1,,AC AW
シトロエン,ＤＳ５ 5D 2WD,2014,ＡＴ,47,B85F02,4 - きれい,22 ～ 24,2025年09月,シック,1600,7.10,黒,AC AW SR 革
シトロエン,Ｃ３ 5D 2WD,2018,ＡＴ,14,B6HN01,3 - 普通,67 ～ 71,2025年09月,シャイン,1200,,緑,AC AW
シトロエン,Ｃ３ 5D 2WD,2017,ＡＴ,59,B6HN01,-1 - 修復歴あり,32 ～ 35,2025年09月,オレンジII,1200,,,AC NV TV AW
シトロエン,Ｃ３ 5D 2WD,2013,ＡＴ,50,A55F01,5 - すごくきれい,10 ～ 13,2025年09月,セダクション,1600,8.9,パープル,AC NV TV AW
シトロエン,Ｃ５エアクロス 5D 2WD,2022,ＡＴ,18,C84AH01,5 - すごくきれい,186 ～ 188,2025年09月,シャイン ブルーＨＤｉ,2000,,パール,AC AW
シトロエン,ベルランゴ 5D 2WD,2022,ＡＴ,57,K9CYH01,5 - すごくきれい,153 ～ 155,2025年09月,シャイン,1500,,白,AC AW SR
シトロエン,ベルランゴ 2WD,2023,ＡＴ,20,K9CYH01,5 - すごくきれい,266 ～ 271,2025年09月,,1500,8.11,ベージュ,AC SR
シトロエン,ベルランゴ 5D 2WD,2022,ＡＴ,30,K9CYH01,5 - すごくきれい,229 ～ 232,2025年09月,シャイン,1500,,ベージュ,AC AW SR
シトロエン,グランドＣ４ ピカソ 5D 2WD,2017,ＣＡＴ,50,B787AH01,4 - きれい,71 ～ 73,2025年09月,シャイン ブルーＨＤｉ,2000,8.3,青,AC AW SR
シトロエン,Ｃ３ エアクロス 5D 2WD,2019,ＡＴ,50,A8HN05,4 - きれい,58 ～ 64,2025年09月,シャインパッケージ,1200,8.10,,AC AW SR
シトロエン,ＤＳ４ 5D 2WD,2013,ＡＴ,72,B7C5F06S,3 - 普通,0 ～ 4,2025年09月,エディション・ルージュ,1600,8.3,白,AC NV TV AW
シトロエン,ベルランゴ 5D 2WD,2021,ＡＴ,37,K9CYH01,5 - すごくきれい,227 ～ 232,2025年09月,シャイン,1500,8.3,ベージュ,AC AW SR
シトロエン,Ｃ５ 5D 2WD,2015,ＡＴ,92,X75F02,4 - きれい,28 ～ 32,2025年09月,ツアラー エクスクルーシブ,1600,8.9,シルバー,AC NV TV AW SR 革
シトロエン,グランドＣ４ ピカソ 5D 2WD,2017,ＣＡＴ,35,B7875G01,-1 - 修復歴あり,25 ～ 29,2025年09月,シャイン,1600,8.9,黒,AC AW SR
シトロエン,ベルランゴ 5D 2WD,2022,ＡＴ,11,K9CYH01,5 - すごくきれい,252 ～ 255,2025年09月,シャイン ＸＴＲ パック,1500,,白,AC AW SR
シトロエン,グランドＣ４ ピカソ 5D 2WD,2016,ＣＡＴ,65,B787AH01,4 - きれい,57 ～ 59,2025年09月,フィール ブルーＨＤｉ,2000,,青,AC AW SR
シトロエン,Ｃ３ 5D 2WD,2017,ＡＴ,33,B6HN01,5 - すごくきれい,73 ～ 78,2025年09月,シャイン,1200,8.12,,AC NV TV AW
シトロエン,ＤＳ４ 5D 2WD,2014,ＡＴ,110,B7C5F06S,4 - きれい,3 ～ 7,2025年09月,シック,1600,8.2,黒,AC AW
シトロエン,ＤＳ４ 5D 2WD,2012,ＡＴ,73,B7C5F02S,4 - きれい,8 ～ 11,2025年09月,シック,1600,7.8,,AC NV TV AW 革
シトロエン,ベルランゴ 2WD,2023,ＡＴ,16,K9CYH01,5 - すごくきれい,258 ～ 260,2025年09月,,1500,8.8,ベージュ,AC AW SR
シトロエン,ベルランゴ 5D 2WD,2021,ＡＴ,55,K9CYH01,5 - すごくきれい,177 ～ 181,2025年09月,シャイン,1500,,ベージュ,AC AW SR
シトロエン,Ｃ３ 5D 2WD,2018,ＡＴ,53,B6HN01,5 - すごくきれい,52 ～ 54,2025年09月,コロラドエディション,1200,,,AC AW SR
シトロエン,Ｃ３ 5D 2WD,2022,ＡＴ,10,B6HN05,3 - 普通,102 ～ 105,2025年09月,シャイン,1200,8.10,,AC NV TV AW
シトロエン,ベルランゴ 5D 2WD,2021,ＡＴ,33,K9CYH01,5 - すごくきれい,202 ～ 205,2025年09月,シャイン,1500,8.6,青,AC AW SR
シトロエン,Ｃ５ Ｘ 5D 2WD,2023,ＡＴ,12,E435G06,5 - すごくきれい,303 ～ 308,2025年09月,シャインパック,1600,9.1,,AC NV TV AW SR 革
シトロエン,Ｃ４ 5D 2WD,2017,ＡＴ,27,B7HN02,4 - きれい,23 ～ 28,2025年09月,セダクション アップグレードパッケージ,1200,,ワイン,AC NV TV AW SR 革
シトロエン,ベルランゴ 5D 2WD,2020,ＡＴ,42,K9CYH01,5 - すごくきれい,213 ～ 216,2025年09月,シャイン ＸＴＲ パック,1500,,ベージュ,AC AW SR
シトロエン,ＤＳ３カブリオ 3D 2WD,2013,６ＭＴ,94,A5C5F02,3 - 普通,5 ～ 10,2025年09月,スポーツシック,1600,,白,AC NV TV AW SR 革
シトロエン,Ｃ３ 5D 2WD,2021,ＡＴ,54,B6HN05,5 - すごくきれい,75 ～ 79,2025年09月,フィール,1200,8.8,赤,AC NV TV AW 革
シトロエン,Ｃ３ エアクロス 5D 2WD,2023,ＡＴ,39,A8YH01,5 - すごくきれい,186 ～ 189,2025年09月,シャイン ブルーＨＤｉ,1500,8.4,グレー,AC AW 革
シトロエン,Ｃ４ カクタス 5D 2WD,2016,ＡＴ,82,E3HM01,5 - すごくきれい,48 ～ 51,2025年09月,ベースグレード,1200,7.9,黄,AC NV TV AW SR 革
シトロエン,エグザンティア 5D 2WD,1999,ＡＴ,78,X2RF,4 - きれい,50 ～ 54,2025年09月,エクスクルーシブ,2000,7.9,シルバー,AC NV TV AW SR 革
シトロエン,Ｃ５エアクロス 2WD,2021,ＡＴ,14,C84AH01,5 - すごくきれい,172 ～ 176,2025年09月,,2000,8.8,白,AC NV TV AW
シトロエン,Ｃ３ 5D 2WD,2018,ＡＴ,24,B6HN01,3 - 普通,34 ～ 36,2025年09月,フィール,1200,9.1,青,AC NV TV AW
シトロエン,ベルランゴ 5D 2WD,2024,ＡＴ,18,K9CYH01,5 - すごくきれい,214 ～ 217,2025年09月,フィールパック,1500,9.3,白,AC
シトロエン,Ｃ３ エアクロス 5D 2WD,2020,ＡＴ,25,A8HN05,4 - きれい,84 ～ 89,2025年09月,シャインパッケージ,1200,,,AC AW SR
シトロエン,Ｃ５エアクロス 2WD,2021,ＡＴ,24,C84AH01,5 - すごくきれい,165 ～ 169,2025年09月,,2000,7.11,パール,AC AW
シトロエン,ベルランゴ 5D 2WD,2022,ＡＴ,18,K9CYH01,5 - すごくきれい,248 ～ 252,2025年09月,シャイン,1500,7.9,ベージュ,AC AW
シトロエン,Ｃ４ 5D 2WD,2016,ＡＴ,65,B7BH01,4 - きれい,28 ～ 32,2025年09月,フィール ブルーＨＤｉ,1600,,白,AC AW SR
シトロエン,Ｃ５エアクロス 5D 2WD,2019,ＡＴ,22,C84AH01,4 - きれい,159 ～ 163,2025年09月,シャイン,2000,8.3,緑,AC NV TV AW 革
シトロエン,ＤＳ５ 5D 2WD,2012,ＡＴ,104,B85F02,4 - きれい,12 ～ 17,2025年09月,シック,1600,7.6,パール,AC AW 革
シトロエン,グランドＣ４ ピカソ 5D 2WD,2018,ＣＡＴ,85,B7875G01,5 - すごくきれい,48 ～ 51,2025年09月,シャイン,1600,,茶,AC NV TV AW SR
シトロエン,Ｃ５ 5D 2WD,2012,ＡＴ,121,X75F02,4 - きれい,8 ～ 12,2025年09月,ツアラー セダクション,1600,9.5,パール,AC AW SR
シトロエン,Ｃ４ カクタス 5D 2WD,2017,ＡＴ,51,E3HM01,5 - すごくきれい,59 ～ 64,2025年09月,ベースグレード,1200,,白,AC NV TV AW
シトロエン,Ｃ５エアクロス 2WD,2020,ＡＴ,112,C84AH01,4 - きれい,74 ～ 79,2025年09月,,2000,,黒,AC AW 革
シトロエン,Ｃ５ 5D 2WD,2015,ＡＴ,71,X75F02,4 - きれい,30 ～ 34,2025年09月,ツアラー ファイナルエディション,1600,9.4,ゴールド,AC NV TV AW SR 革
シトロエン,Ｃ３ 5D 2WD,2018,ＡＴ,87,B6HN01,5 - すごくきれい,37 ～ 39,2025年09月,シャイン,1200,,,AC NV TV AW SR
シトロエン,Ｃ５ 5D 2WD,2010,ＡＴ,87,X75F02,4 - きれい,8 ～ 11,2025年09月,ツアラー エクスクルーシブ,1600,,紺,AC NV TV AW SR 革
シトロエン,Ｃ３ 2WD,2015,ＡＴ,57,A5HM01,4 - きれい,5 ～ 9,2025年09月,,1200,8.3,赤,AC AW
シトロエン,Ｃ３ エアクロス 2WD,2022,ＡＴ,17,A8HN05,5 - すごくきれい,144 ～ 149,2025年09月,グレーII,1200,,,AC
シトロエン,ＤＳ３ 3D 2WD,2010,６ＭＴ,46,A5C5F04,5 - すごくきれい,25 ～ 29,2025年09月,スポーツシック エディションノアール,1600,,黒,AC AW
シトロエン,Ｃ４ クーペ 2WD,2006,５ＭＴ,136,B5RFK,3 - 普通,8 ～ 11,2025年09月,２．０ＶＴＳ,2000,,赤,AC AW 革
シトロエン,Ｃ３ 2WD,2022,ＡＴ,12,B6HN05,5 - すごくきれい,128 ～ 130,2025年09月,白II,1200,,,AC AW 革
シトロエン,Ｃ３ 5D 2WD,2015,ＡＴ,29,A5HM01,4 - きれい,12 ～ 16,2025年09月,セダクション,1200,9.3,赤,AC AW
シトロエン,ＤＳ５ 5D 2WD,2014,ＡＴ,121,B85F02,3 - 普通,8 ～ 13,2025年09月,ホワイトメロディ,1600,9.2,パール,AC NV TV AW SR 革
シトロエン,ベルランゴ 2WD,2022,ＡＴ,42,K9CYH01,5 - すごくきれい,218 ～ 221,2025年09月,,1500,,ベージュ,AC SR
シトロエン,グランドＣ４ ピカソ 5D 2WD,2016,ＡＴ,55,B7875G01,5 - すごくきれい,54 ～ 58,2025年09月,エクスクルーシブ,1600,9.6,茶,AC NV TV AW SR
シトロエン,Ｃ３ 5D 2WD,2015,ＡＴ,39,A5HM01,4 - きれい,4 ～ 7,2025年09月,エクスクルーシブ,1200,8.8,青,AC AW
シトロエン,Ｃ４ ピカソ 5D 2WD,2018,ＣＡＴ,50,B78AH01,5 - すごくきれい,98 ～ 100,2025年09月,シャイン ブルーＨＤｉ,2000,9.7,紺,AC NV TV AW SR
シトロエン,Ｃ３ 5D 2WD,2012,ＡＴ,28,A55F01,4 - きれい,6 ～ 9,2025年09月,エアプレイ２,1600,,茶,AC NV TV AW
シトロエン,Ｃ３ 5D 2WD,2016,ＡＴ,74,A5HM01,3 - 普通,3 ～ 7,2025年09月,フィール,1200,7.12,白,AC NV TV AW
シトロエン,グランドＣ４ ピカソ 5D 2WD,2017,ＣＡＴ,30,B7875G01,5 - すごくきれい,102 ～ 106,2025年09月,シャイン,1600,,ベージュ,AC AW SR
シトロエン,ベルランゴ 5D 2WD,2021,ＡＴ,36,K9CYH01,5 - すごくきれい,208 ～ 210,2025年08月,シャイン,1500,,茶,AC AW SR
シトロエン,グランドＣ４ ピカソ 2WD,2018,ＡＴ,88,B787AH01,5 - すごくきれい,51 ～ 53,2025年08月,,2000,,青,AC AW SR
シトロエン,Ｃ３ 5D 2WD,2018,ＡＴ,27,B6HN01,5 - すごくきれい,93 ～ 98,2025年08月,カフェエディション,1200,,,AC NV TV AW 革
シトロエン,Ｃ３ エアクロス 5D 2WD,2020,ＡＴ,39,A8HN05,4 - きれい,67 ～ 69,2025年08月,フィール,1200,,ベージュ,AC AW
シトロエン,グランドＣ４ スペースツアラー 5D 2WD,2018,ＣＡＴ,58,B787AH01,5 - すごくきれい,59 ～ 62,2025年08月,シャイン ブルーＨＤｉ,2000,,白,AC NV TV AW SR
シトロエン,ベルランゴ 5D 2WD,2023,ＡＴ,10,K9CYH01,4 - きれい,262 ～ 266,2025年08月,シャイン ブルーＨＤｉ ＸＴＲ パック,1500,8.7,白,AC AW SR
シトロエン,Ｃ３ 5D 2WD,2019,ＡＴ,127,B6HN01,4 - きれい,26 ～ 32,2025年08月,オリジンズ,1200,8.4,,AC AW
シトロエン,ＤＳ５ 5D 2WD,2013,ＡＴ,37,B85F02,4 - きれい,32 ～ 36,2025年08月,シック,1600,8.11,,AC NV TV AW SR 革
シトロエン,Ｃ３ 5D 2WD,2019,ＡＴ,23,B6HN01,5 - すごくきれい,86 ～ 88,2025年08月,シャイン,1200,8.10,,AC AW SR
シトロエン,ＤＳ３ 2WD,2012,ＡＴ,96,A5C5F01,4 - きれい,7 ～ 11,2025年08月,赤II,1600,,,AC AW
シトロエン,Ｃ３ 5D 2WD,2013,ＡＴ,23,A55F01,4 - きれい,11 ～ 14,2025年08月,パールホワイト・エディション,1600,9.9,パール,AC AW
シトロエン,Ｃ３ 5D 2WD,2021,ＡＴ,25,B6HN05,5 - すごくきれい,113 ～ 118,2025年08月,フィール,1200,8.12,ベージュ,AC AW
シトロエン,ベルランゴ 5D 2WD,2023,ＡＴ,64,K9CYH01L,-1 - 修復歴あり,177 ～ 182,2025年08月,ロング エディション・サーブル,1500,8.6,ベージュ,AC AW
シトロエン,Ｃ５エアクロス 2WD,2019,ＡＴ,46,C84AH01,5 - すごくきれい,136 ～ 138,2025年08月,グレーII,2000,8.7,,AC NV TV AW
シトロエン,グランドＣ４ スペースツアラー 5D 2WD,2019,ＣＡＴ,49,B787AH01,5 - すごくきれい,98 ～ 100,2025年08月,シャイン ブルーＨＤｉ,2000,8.3,ベージュ,AC NV TV AW SR 革
シトロエン,Ｃ３ 5D 2WD,2018,ＡＴ,15,B6HN01,5 - すごくきれい,84 ～ 87,2025年08月,エル,1200,9.3,,AC NV TV AW
シトロエン,グランドＣ４ ピカソ 5D 2WD,2017,ＣＡＴ,81,B787AH01,4 - きれい,55 ～ 61,2025年08月,デューン ベージュ,2000,,ベージュ,AC NV TV AW SR 革
シトロエン,ＤＳ４ 2WD,2014,ＡＴ,55,B7C5F06S,4 - きれい,6 ～ 12,2025年08月,,1600,,赤,AC AW
シトロエン,ベルランゴ 5D 2WD,2021,ＡＴ,58,K9CYH01,5 - すごくきれい,151 ～ 155,2025年08月,シャイン,1500,8.5,ベージュ,AC AW SR
シトロエン,Ｃ３ 5D 2WD,2019,ＡＴ,17,B6HN01,5 - すごくきれい,104 ～ 106,2025年08月,ベージュII,1200,9.2,,AC AW SR 革
シトロエン,ベルランゴ 5D 2WD,2022,ＡＴ,40,K9CYH01,4 - きれい,180 ～ 185,2025年08月,シャイン ブルーＨＤｉ,1500,,ベージュ,AC AW SR
シトロエン,Ｃ５エアクロス 2WD,2019,ＡＴ,44,C84AH01,5 - すごくきれい,134 ～ 138,2025年08月,グレーII,2000,8.2,,AC NV TV AW SR 革
シトロエン,Ｃ４ ピカソ 5D 2WD,2011,ＡＴ,132,B585F02P,3 - 普通,2 ～ 6,2025年08月,,1600,,青,AC AW SR
シトロエン,ベルランゴ 5D 2WD,2023,ＡＴ,23,K9CYH01L,4 - きれい,243 ～ 248,2025年08月,ロング シャイン ブルーＨＤｉ,1500,8.2,白,AC NV TV AW
シトロエン,ベルランゴ 2WD,2023,ＡＴ,31,K9CYH01,5 - すごくきれい,256 ～ 262,2025年08月,,1500,8.3,ベージュ,AC AW
シトロエン,ＤＳ４ 5D 2WD,2013,ＡＴ,42,B7C5F06S,5 - すごくきれい,13 ～ 19,2025年08月,シック,1600,,白,AC NV TV AW SR 革
シトロエン,ベルランゴ 2WD,2023,ＡＴ,30,K9CYH01,5 - すごくきれい,256 ～ 262,2025年08月,,1500,8.4,ベージュ,AC NV TV AW SR 革
シトロエン,ベルランゴ 5D 2WD,2022,ＡＴ,41,K9CYH01,5 - すごくきれい,223 ～ 227,2025年08月,シャイン ＸＴＲ パック,1500,7.9,ベージュ,AC AW SR
シトロエン,Ｃ３ 2WD,2018,ＡＴ,78,B6HN01,5 - すごくきれい,38 ～ 44,2025年08月,,1200,,緑,AC
シトロエン,Ｃ３ 5D 2WD,2021,ＡＴ,11,B6HN05,5 - すごくきれい,122 ～ 126,2025年08月,シャイン,1200,,,AC AW
シトロエン,Ｃ３ 5D 2WD,2019,ＡＴ,14,B6HN01,5 - すごくきれい,103 ～ 107,2025年08月,オリジンズ,1200,8.2,,AC NV TV AW
シトロエン,Ｃ４ カクタス 5D 2WD,2017,ＡＴ,72,E3HM01,4 - きれい,48 ～ 51,2025年08月,ベースグレード,1200,8.10,パール,AC NV TV AW 革
シトロエン,Ｃ３ 5D 2WD,2021,ＡＴ,16,B6HN05,5 - すごくきれい,120 ～ 123,2025年08月,シャイン,1200,,,AC AW
シトロエン,Ｃ３ 5D 2WD,2019,ＡＴ,35,B6HN01,5 - すごくきれい,101 ～ 105,2025年08月,オリジンズ,1200,,,AC AW
シトロエン,Ｃ４ カクタス 5D 2WD,2017,ＡＴ,68,E3HM01,4 - きれい,46 ～ 52,2025年08月,,1200,8.8,パール,AC NV TV AW SR 革
シトロエン,ＤＳ３ 3D 2WD,2012,６ＭＴ,84,A5C5F04,4 - きれい,15 ～ 19,2025年08月,スポーツシック エディション,1600,8.10,黒,AC NV TV AW SR 革
シトロエン,Ｃ３ 5D 2WD,2017,ＡＴ,27,B6HN01,5 - すごくきれい,71 ～ 74,2025年08月,シャイン,1200,9.2,,AC NV TV AW
シトロエン,グランドＣ４ スペースツアラー 5D 2WD,2019,ＡＴ,48,B787AH01,4 - きれい,149 ～ 153,2025年08月,シャイン ブルーＨＤｉ,2000,8.8,ベージュ,AC NV TV AW SR 革
シトロエン,Ｃ３ 5D 2WD,2018,ＡＴ,14,B6HN01,5 - すごくきれい,93 ～ 97,2025年08月,フィール,1200,,白,AC
シトロエン,Ｃ３ 5D 2WD,2018,ＡＴ,91,B6HN01,3 - 普通,29 ～ 34,2025年08月,シャイン,1200,,緑,AC NV TV
シトロエン,サクソ 3D 2WD,2000,５ＭＴ,997,S8NFS,3 - 普通,35 ～ 40,2025年08月,ＶＴＳ,1600,,赤,AC NV TV AW SR 革
シトロエン,ベルランゴ 5D 2WD,2022,ＡＴ,33,K9CYH01,5 - すごくきれい,240 ～ 243,2025年08月,シャイン ブルーＨＤｉ ＸＴＲ パック,1500,7.10,ベージュ,AC AW SR
シトロエン,Ｃ３ エアクロス 5D 2WD,2020,ＡＴ,42,A8HN05,5 - すごくきれい,108 ～ 110,2025年08月,シャインパッケージ,1200,,ベージュ,AC AW SR 革
シトロエン,ベルランゴ 5D 2WD,2023,ＡＴ,7,K9CYH01L,5 - すごくきれい,300 ～ 305,2025年08月,ロング シャイン ブルーＨＤｉ,1500,8.9,白,AC AW
シトロエン,グランドＣ４ ピカソ 5D 2WD,2015,ＡＴ,71,B7875G01,5 - すごくきれい,41 ～ 45,2025年08月,エクスクルーシブ,1600,8.3,シルバー,AC NV TV AW SR 革
シトロエン,ベルランゴ 5D 2WD,2022,ＡＴ,24,K9CYH01,5 - すごくきれい,214 ～ 218,2025年08月,シャイン,1500,,白,AC AW SR
シトロエン,ベルランゴ 5D 2WD,2020,ＡＴ,86,K9CYH01,4 - きれい,136 ～ 140,2025年08月,Ｌグリーン,1500,,,AC AW
シトロエン,ベルランゴ 5D 2WD,2021,ＡＴ,3,K9CYH01,5 - すごくきれい,266 ～ 272,2025年08月,シャイン,1500,,白,AC AW
シトロエン,Ｃ５エアクロス 5D 2WD,2019,ＡＴ,37,C84AH01,5 - すごくきれい,167 ～ 171,2025年08月,シャイン,2000,9.1,黒,AC NV TV AW SR 革
シトロエン,ベルランゴ 5D 2WD,2021,ＡＴ,18,K9CYH01,5 - すごくきれい,220 ～ 222,2025年08月,シャイン,1500,,茶,AC NV TV AW SR
シトロエン,Ｃ３ エアクロス 5D 2WD,2020,ＡＴ,66,A8HN05,3 - 普通,40 ～ 44,2025年08月,シャイン,1200,,グレー,AC NV TV AW SR 革
シトロエン,Ｃ３ 5D 2WD,2010,ＡＴ,68,A55F01,4 - きれい,6 ～ 9,2025年08月,エクスクルーシブ,1600,8.4,青,AC AW
シトロエン,ＤＳ４ 5D 2WD,2013,６ＭＴ,133,B7C5F03S,3 - 普通,5 ～ 7,2025年08月,,1600,8.9,赤,AC AW
シトロエン,ベルランゴ 2WD,2023,ＡＴ,48,K9CYH01,5 - すごくきれい,230 ～ 233,2025年08月,,1500,8.2,ベージュ,AC AW
シトロエン,ベルランゴ 2WD,2023,ＡＴ,16,K9CYH01,5 - すごくきれい,228 ～ 230,2025年08月,,1500,8.7,シルバー,AC AW SR
シトロエン,Ｃ６ 4D 2WD,2006,ＡＴ,86,X6XFV,4 - きれい,28 ～ 32,2025年08月,エクスクルーシブ,3000,,シルバー,AC NV TV AW SR 革
シトロエン,ベルランゴ 5D 2WD,2020,ＡＴ,41,K9CYH01,-1 - 修復歴あり,165 ～ 167,2025年08月,シャイン,1500,7.8,白,AC AW SR
シトロエン,Ｃ４ カクタス 5D 2WD,2017,ＡＴ,25,E3HM01,4 - きれい,69 ～ 73,2025年08月,ベースグレード,1200,,赤,AC NV TV AW SR 革
シトロエン,Ｃ５ 2WD,2010,ＡＴ,63,X7XFV,3 - 普通,6 ～ 12,2025年08月,,3000,,シルバー,AC AW SR
シトロエン,ベルランゴ 2WD,2023,ＡＴ,51,K9CYH01,5 - すごくきれい,229 ～ 233,2025年08月,,1500,8.2,ベージュ,AC AW
シトロエン,Ｃ３ 5D 2WD,2010,ＡＴ,65,A55F01,4 - きれい,8 ～ 11,2025年08月,エクスクルーシブ,1600,,白,AC NV TV AW
シトロエン,ＤＳ３ 2WD,2010,ＡＴ,36,A5C5F01,3 - 普通,6 ～ 10,2025年08月,ツートン,1600,,,AC NV TV AW SR 革
シトロエン,Ｃ３ 2WD,2016,ＡＴ,69,A5HM01,3 - 普通,11 ～ 16,2025年08月,,1200,,青,AC NV TV AW
シトロエン,Ｃ３ 2WD,2015,ＡＴ,168,A5HM01,3 - 普通,6 ～ 11,2025年08月,,1200,,青,AC
シトロエン,Ｃ３ 2WD,2016,ＡＴ,69,A5HM01,3 - 普通,13 ～ 17,2025年08月,,1200,,青,AC NV TV AW
シトロエン,Ｃ３ エアクロス 5D 2WD,2020,ＡＴ,29,A8HN05,5 - すごくきれい,92 ～ 97,2025年08月,ベージュII,1200,,,AC NV TV AW
シトロエン,ＤＳ３ 3D 2WD,2010,６ＭＴ,112,A5C5F04,3 - 普通,5 ～ 10,2025年08月,スポーツシック,1600,,,AC NV TV AW 革
シトロエン,Ｃ３ 5D 2WD,2014,ＡＴ,28,A55F01,5 - すごくきれい,14 ～ 16,2025年08月,エクスクルーシブ,1600,,赤,AC AW
シトロエン,グランドＣ４ スペースツアラー 5D 2WD,2019,ＣＡＴ,90,B7875G06,4 - きれい,50 ～ 53,2025年08月,オリジンズ,1600,,白,AC NV TV AW SR
シトロエン,ベルランゴ 2WD,2023,ＡＴ,16,K9CYH01,5 - すごくきれい,228 ～ 231,2025年08月,,1500,8.9,シルバー,AC AW SR
シトロエン,ＤＳ３ 2WD,2010,ＡＴ,36,A5C5F01,3 - 普通,6 ～ 11,2025年08月,ツートン,1600,,,AC AW
シトロエン,Ｃ３ 5D 2WD,2020,ＡＴ,49,B6HN05,5 - すごくきれい,80 ～ 82,2025年08月,カラメルエディション,1200,8.1,,AC AW
シトロエン,ＤＳ４ 5D 2WD,2013,６ＭＴ,138,B7C5F03S,3 - 普通,3 ～ 7,2025年08月,,1600,8.5,赤,AC NV TV AW SR 革
シトロエン,Ｃ３ 5D 2WD,2018,ＡＴ,59,B6HN01,4 - きれい,39 ～ 41,2025年08月,コロラドエディション,1200,,白,AC AW 革
シトロエン,グランドＣ４ ピカソ 5D 2WD,2018,ＡＴ,83,B7875G01,4 - きれい,36 ～ 39,2025年08月,シャイン,1600,,グレー,AC NV TV AW SR
シトロエン,Ｃ５ 2WD,2010,ＡＴ,68,X7XFV,3 - 普通,7 ～ 12,2025年08月,,3000,,シルバー,AC NV TV AW SR 革
シトロエン,Ｃ３ 2WD,2015,ＡＴ,169,A5HM01,3 - 普通,6 ～ 10,2025年08月,,1200,,青,AC NV TV AW
シトロエン,Ｃ３ 5D 2WD,2018,ＡＴ,57,B6HN01,5 - すごくきれい,56 ～ 61,2025年08月,カフェエディション,1200,,,AC AW
シトロエン,ベルランゴ 2WD,2023,ＡＴ,45,K9CYH01,4 - きれい,191 ～ 196,2025年08月,,1500,,,AC NV TV AW SR
シトロエン,Ｃ４ ピカソ 5D 2WD,2018,ＣＡＴ,69,B78AH01,4 - きれい,33 ～ 37,2025年08月,シャイン ブルーＨＤｉ,2000,,赤,AC NV TV AW SR 革
シトロエン,ベルランゴ 5D 2WD,2021,ＡＴ,35,K9CYH01,4 - きれい,202 ～ 207,2025年08月,シャイン,1500,8.3,ベージュ,AC AW SR
シトロエン,ベルランゴ 2WD,2023,ＡＴ,48,K9CYH01,4 - きれい,192 ～ 195,2025年08月,,1500,,,AC AW
シトロエン,Ｃ３ 5D 2WD,2019,ＡＴ,72,B6HN01,4 - きれい,34 ～ 39,2025年08月,シャイン,1200,,,AC
シトロエン,Ｃ３ 5D 2WD,2018,ＡＴ,89,B6HN01,4 - きれい,27 ～ 32,2025年08月,シャイン,1200,,,AC AW SR
シトロエン,ＤＳ４ 5D 2WD,2012,ＡＴ,25,B7C5F06S,4 - きれい,15 ～ 19,2025年08月,シック,1600,,,AC AW
シトロエン,ベルランゴ 5D 2WD,2023,ＡＴ,8,K9CYH01,5 - すごくきれい,273 ～ 277,2025年08月,シャイン ブルーＨＤｉ ＸＴＲ パック,1500,8.4,白,AC AW SR
シトロエン,グランドＣ４ ピカソ 5D 2WD,2018,ＣＡＴ,42,B787AH01,3 - 普通,50 ～ 55,2025年08月,シャイン ブルーＨＤｉ,2000,9.8,青,AC AW SR
シトロエン,Ｃ５ 4D 2WD,2011,ＡＴ,45,X75F02,3 - 普通,8 ～ 12,2025年08月,エクスクルーシブ,1600,9.7,青,AC NV TV AW SR 革
シトロエン,Ｃ４ ピカソ 2WD,2014,ＡＴ,141,B785G01,3 - 普通,5 ～ 7,2025年08月,,1600,,赤,AC NV TV AW SR
シトロエン,Ｃ３ 5D 2WD,2010,ＡＴ,86,A55F01,3 - 普通,7 ～ 10,2025年08月,エクスクルーシブ,1600,,ベージュ,AC AW
シトロエン,Ｃ３ エアクロス 5D 2WD,2023,ＡＴ,7,A8HN05,5 - すごくきれい,169 ～ 174,2025年08月,シャインパック,1200,7.11,,AC NV TV AW SR
シトロエン,Ｃ４ ピカソ 2WD,2015,ＣＡＴ,70,B785G01,4 - きれい,18 ～ 22,2025年08月,,1600,,白,AC NV TV AW SR 革
シトロエン,グランドＣ４ ピカソ 5D 2WD,2015,ＡＴ,65,B7875G01,3 - 普通,12 ～ 17,2025年08月,エクスクルーシブ,1600,,青,AC NV TV AW SR 革
シトロエン,Ｃ５エアクロス 5D 2WD,2021,ＡＴ,32,C84AH01,4 - きれい,155 ～ 157,2025年08月,シャイン ブルーＨＤｉ,2000,8.12,,AC NV TV
シトロエン,ベルランゴ 2WD,2018,５ＭＴ,98,-1 - 修復歴あり,40 ～ 43,nan,2025年08月,,1500,,青,AC
シトロエン,グランドＣ４ ピカソ 5D 2WD,2014,ＣＡＴ,86,B7875G01,4 - きれい,9 ～ 11,2025年08月,セダクション,1600,,赤,AC AW SR
シトロエン,ＤＳ３ 3D 2WD,2010,６ＭＴ,46,A5C5F04,4 - きれい,11 ～ 13,2025年08月,スポーツシック エディションノアール,1600,,黒,AC
シトロエン,Ｃ３ 5D 2WD,2021,ＡＴ,16,B6HN05,5 - すごくきれい,109 ～ 115,2025年08月,シャイン,1200,,白,AC
シトロエン,ベルランゴ 5D 2WD,2022,ＡＴ,24,K9CYH01,5 - すごくきれい,229 ～ 231,2025年08月,シャイン ＸＴＲ パック,1500,,白,AC SR
シトロエン,Ｃ３ 5D 2WD,2020,ＡＴ,26,B6HN05,-1 - 修復歴あり,58 ～ 62,2025年08月,カラメルエディション,1200,7.12,,AC AW
シトロエン,ベルランゴ 5D 2WD,2020,ＡＴ,53,K9CYH01,3 - 普通,165 ～ 169,2025年08月,シャイン,1500,7.11,ベージュ,AC SR
シトロエン,ＤＳ３ 3D 2WD,2014,ＡＴ,128,A5C5F01,3 - 普通,5 ～ 9,2025年08月,シック,1600,,白,AC AW
シトロエン,Ｃ３ 5D 2WD,2020,ＡＴ,37,B6HN05,5 - すごくきれい,107 ～ 112,2025年08月,カラメルエディション,1200,,,AC NV TV AW 革
シトロエン,Ｃ４ 5D 2WD,2017,ＡＴ,98,B7BH01,4 - きれい,21 ～ 23,2025年08月,フィール ブルーＨＤｉ,1600,8.11,グレー,AC NV TV AW SR 革
シトロエン,Ｃ３ 5D 2WD,2018,ＡＴ,74,B6HN01,5 - すごくきれい,36 ～ 42,2025年08月,シャイン,1200,9.8,ベージュ,AC AW
シトロエン,ＤＳ５ 5D 2WD,2012,ＡＴ,66,B85F02,4 - きれい,22 ～ 25,2025年08月,シック,1600,8.2,パール,AC NV TV AW SR 革
シトロエン,Ｃ３ 5D 2WD,2017,ＡＴ,87,B6HN01,4 - きれい,30 ～ 36,2025年08月,シャイン デビューエディション,1200,,,AC NV TV AW
シトロエン,Ｃ３ 5D 2WD,2020,ＡＴ,25,B6HN05,5 - すごくきれい,114 ～ 118,2025年08月,シャイン,1200,9.2,,AC AW SR
シトロエン,Ｃ３ エアクロス 5D 2WD,2019,ＡＴ,32,A8HN05,5 - すごくきれい,94 ～ 96,2025年08月,シャインパッケージ,1200,,グレー,AC AW SR
シトロエン,ベルランゴ 5D 2WD,2022,ＡＴ,46,K9CYH01,5 - すごくきれい,192 ～ 197,2025年08月,シャイン,1500,,グレー,AC NV TV AW SR
シトロエン,ベルランゴ 5D 2WD,2022,ＡＴ,38,K9CYH01,5 - すごくきれい,225 ～ 228,2025年08月,シャイン,1500,8.1,グレー,AC AW SR
シトロエン,ベルランゴ 5D 2WD,2021,ＡＴ,37,K9CYH01,4 - きれい,198 ～ 203,2025年08月,シャイン,1500,8.8,ベージュ,AC AW SR
シトロエン,Ｃ４ カクタス 5D 2WD,2017,ＡＴ,128,E3HM01,4 - きれい,14 ～ 18,2025年08月,ベースグレード,1200,8.7,パール,AC NV TV AW
シトロエン,Ｃ５エアクロス 5D 2WD,2019,ＡＴ,34,C84AH01,5 - すごくきれい,143 ～ 147,2025年08月,パールII,2000,8.10,,AC 革
シトロエン,Ｃ３ 5D 2WD,2018,ＡＴ,83,B6HN01,4 - きれい,33 ～ 37,2025年08月,シャイン,1200,,,AC AW
シトロエン,Ｃ４ ピカソ 5D 2WD,2014,ＡＴ,172,B785G01,3 - 普通,13 ～ 16,2025年08月,,1600,,茶,AC NV TV AW SR 革
シトロエン,グランドＣ４ スペースツアラー 5D 2WD,2020,ＡＴ,47,B787AH01,5 - すごくきれい,144 ～ 147,2025年08月,シャイン ブルーＨＤｉ,2000,9.5,青,AC AW
シトロエン,Ｃ３ 5D 2WD,2006,ＡＴ,122,A8KFV,4 - きれい,12 ～ 15,2025年08月,1.4,1400,,赤,AC AW
シトロエン,ベルランゴ 5D 2WD,2020,ＡＴ,63,K9CYH01,3 - 普通,152 ～ 154,2025年08月,Ｌグリーン,1500,8.3,,AC AW
シトロエン,ベルランゴ 5D 2WD,2020,ＡＴ,7,K9CYH01,4 - きれい,185 ～ 188,2025年08月,シャイン ＸＴＲ パック,1500,8.1,グレー,AC AW SR
シトロエン,Ｃ３ エアクロス 5D 2WD,2020,ＡＴ,33,A8HN05,5 - すごくきれい,92 ～ 96,2025年08月,ベージュII,1200,,,AC AW
シトロエン,Ｃ４ 5D 2WD,2015,ＡＴ,40,B7HN02,3 - 普通,17 ～ 22,2025年08月,セダクション アップグレードパッケージ,1200,,紺,AC NV TV AW
シトロエン,ベルランゴ 5D 2WD,2021,ＡＴ,63,K9CYH01,5 - すごくきれい,146 ～ 152,2025年08月,シャイン,1500,,青,NV TV AW SR
シトロエン,ベルランゴ 5D 2WD,2023,ＡＴ,15,K9CYH01L,-1 - 修復歴あり,232 ～ 237,2025年08月,ロング シャイン ブルーＨＤｉ,1500,,ベージュ,AC AW
シトロエン,Ｃ５エアクロス 2WD,2020,ＡＴ,66,C84AH01,5 - すごくきれい,138 ～ 141,2025年08月,パールII,2000,,,AC NV TV AW 革
シトロエン,Ｃ３ エアクロス 5D 2WD,2019,ＡＴ,52,A8HN05,5 - すごくきれい,79 ～ 83,2025年08月,シャイン,1200,8.9,,AC NV TV AW
シトロエン,ベルランゴ 5D 2WD,2021,ＡＴ,61,K9CYH01,4 - きれい,166 ～ 170,2025年08月,シャイン,1500,,ベージュ,AC AW
シトロエン,ＤＳ３ 3D 2WD,2013,６ＭＴ,60,A5C5F02,4 - きれい,24 ～ 27,2025年08月,スポーツシック,1600,8.7,,AC AW
シトロエン,ベルランゴ 5D 2WD,2022,ＡＴ,46,K9CYH01,5 - すごくきれい,231 ～ 235,2025年08月,シャイン,1500,8.11,ベージュ,AC AW SR
シトロエン,Ｃ３ 2WD,2012,ＡＴ,89,A55F01,3 - 普通,7 ～ 10,2025年08月,,1600,,茶,AC
シトロエン,ＤＳ３ 2WD,2012,６ＭＴ,60,A5C5F04,5 - すごくきれい,114 ～ 116,2025年08月,白II,1600,,,AC AW 革
シトロエン,Ｃ３ 5D 2WD,2021,ＡＴ,46,B6HN05,5 - すごくきれい,104 ～ 109,2025年08月,モダンサロン,1200,8.6,,AC NV TV AW
シトロエン,Ｃ３ 5D 2WD,2022,ＡＴ,28,B6HN05,5 - すごくきれい,128 ～ 133,2025年08月,シャイン,1200,,,AC AW
シトロエン,Ｃ３ エアクロス 5D 2WD,2019,ＡＴ,43,A8HN05,5 - すごくきれい,89 ～ 91,2025年08月,シャインパッケージ,1200,,,AC NV TV AW SR
シトロエン,Ｃ６ 4D 2WD,2008,ＡＴ,71,X6XFV,4 - きれい,43 ～ 47,2025年08月,エクスクルーシブ,3000,,グレー,AC NV TV AW 革
シトロエン,ベルランゴ 5D 2WD,2020,ＡＴ,68,K9CYH01,5 - すごくきれい,183 ～ 186,2025年08月,シャイン ＸＴＲ パック,1500,,ベージュ,AC NV TV AW SR
シトロエン,Ｃ５エアクロス 5D 2WD,2022,ＡＴ,12,C84AH01,5 - すごくきれい,218 ～ 222,2025年08月,シャインパック ブルーＨＤｉ,2000,8.1,紺,AC AW SR 革
シトロエン,ベルランゴ 5D 2WD,2022,ＡＴ,34,K9CYH01,5 - すごくきれい,235 ～ 238,2025年08月,シャイン,1500,9.5,ベージュ,AC AW SR
シトロエン,Ｃ５エアクロス 5D 2WD,2021,ＡＴ,12,C845G06H,5 - すごくきれい,178 ～ 181,2025年08月,プラグインハイブリッド,1600,8.4,,AC AW SR 革
シトロエン,ＤＳ４ 5D 2WD,2014,ＡＴ,53,B7C5F06S,3 - 普通,7 ～ 13,2025年08月,シック,1600,9.1,白,AC AW 革
シトロエン,Ｃ５エアクロス 5D 2WD,2020,ＡＴ,144,C84AH01,3 - 普通,58 ～ 62,2025年08月,シャイン ナッパレザーパッケージ,2000,,パール,AC SR 革
シトロエン,ＤＳ３ 3D 2WD,2011,６ＭＴ,132,A5C5F04,4 - きれい,9 ～ 12,2025年08月,スポーツシック,1600,,黒,AC
シトロエン,Ｃ３ 2WD,2018,ＡＴ,69,B6HN01,5 - すごくきれい,39 ～ 44,2025年08月,白II,1200,,,AC
シトロエン,Ｃ５エアクロス 5D 2WD,2023,ＡＴ,2,C84AH01,5 - すごくきれい,263 ～ 266,2025年08月,シャインパック ブルーＨＤｉ,2000,,,AC AW SR 革
シトロエン,Ｃ４ 2WD,2016,ＡＴ,94,B7HN02,4 - きれい,18 ～ 20,2025年08月,,1200,,白,AC AW SR
シトロエン,Ｃ４ ピカソ 5D 2WD,2014,ＣＡＴ,28,B785G01,4 - きれい,22 ～ 25,2025年08月,エクスクルーシブ,1600,,茶,AC AW SR
シトロエン,Ｃ５エアクロス 2WD,2020,ＡＴ,41,C84AH01,4 - きれい,141 ～ 145,2025年08月,白II,2000,,,AC AW
シトロエン,Ｃ３ エアクロス 5D 2WD,2022,ＡＴ,26,A8HN05,5 - すごくきれい,125 ～ 128,2025年08月,シャイン,1200,,,AC NV TV AW
シトロエン,ＤＳ３ 3D 2WD,2011,ＡＴ,33,A5C5F01,4 - きれい,22 ～ 27,2025年08月,シック ユニーク,1600,8.7,,AC AW
シトロエン,Ｃ３ 5D 2WD,2011,ＡＴ,106,A55F01,4 - きれい,6 ～ 9,2025年08月,ベースグレード,1600,7.12,白,AC AW
シトロエン,Ｃ４ 5D 2WD,2022,ＡＴ,19,C41YH01,4 - きれい,170 ～ 174,2025年08月,シャイン ブルーＨＤｉ,1500,,青,AC NV TV AW SR 革
シトロエン,Ｃ３ エアクロス 5D 2WD,2020,ＡＴ,35,A8HN05,5 - すごくきれい,111 ～ 117,2025年08月,シャインパッケージ,1200,,,AC NV TV AW SR
シトロエン,Ｃ３ エアクロス 5D 2WD,2020,ＡＴ,43,A8HN05,5 - すごくきれい,99 ～ 104,2025年08月,シャインパッケージ,1200,,,AC AW SR
シトロエン,グランドＣ４ ピカソ 2WD,2015,ＡＴ,65,B7875G01,3 - 普通,15 ～ 17,2025年08月,,1600,,青,AC NV TV AW SR 革
シトロエン,ベルランゴ 2WD,2023,ＡＴ,21,K9CYH01,5 - すごくきれい,259 ～ 265,2025年08月,ガンＭ,1500,8.2,,AC AW
シトロエン,ベルランゴ 5D 2WD,2022,ＡＴ,22,K9CYH01,5 - すごくきれい,246 ～ 250,2025年08月,シャイン,1500,,,AC AW SR
シトロエン,Ｃ３ 2WD,2012,ＡＴ,50,A55F01,4 - きれい,13 ～ 18,2025年08月,,1600,8.9,,AC AW
シトロエン,ＤＳ３ 2WD,2012,６ＭＴ,129,A5C5F04,3 - 普通,24 ～ 26,2025年08月,白／グレー,1600,,,AC AW
シトロエン,ベルランゴ 5D 2WD,2021,ＡＴ,30,K9CYH01,5 - すごくきれい,219 ～ 221,2025年08月,シャイン,1500,8.5,ベージュ,AC AW SR
シトロエン,Ｃ５ Ｘ 5D 2WD,2023,ＡＴ,61,E435G06H,4 - きれい,188 ～ 194,2025年08月,シャインパック プラグインハイブリッド,1600,7.10,グレー,AC NV TV AW SR 革
シトロエン,Ｃ５ 5D 2WD,2011,ＡＴ,81,X75F02,-1 - 修復歴あり,16 ～ 20,2025年08月,ツアラー セダクション,1600,8.6,白,AC NV TV AW SR 革
シトロエン,Ｃ３ 5D 2WD,2004,ＡＴ,80,A8NFU,3 - 普通,5 ～ 9,2025年08月,1.6,1600,,赤,AC
シトロエン,グランドＣ４ ピカソ 5D 2WD,2014,ＣＡＴ,59,B7875G01,3 - 普通,18 ～ 24,2025年08月,エクスクルーシブ,1600,,,AC NV TV AW SR
シトロエン,ベルランゴ 5D 2WD,2020,ＡＴ,62,4 - きれい,147 ～ 153,nan,2025年08月,シャイン,1500,,白,AC AW SR
シトロエン,Ｃ３ エアクロス 5D 2WD,2020,ＡＴ,36,A8HN05,5 - すごくきれい,104 ～ 108,2025年08月,シャインパッケージ,1200,9.6,,AC NV TV AW SR 革
シトロエン,Ｃ３ 5D 2WD,2018,ＡＴ,71,B6HN01,4 - きれい,36 ～ 40,2025年08月,シャイン,1200,9.5,ベージュ,AC
シトロエン,ベルランゴ 5D 2WD,2020,ＡＴ,34,K9CYH01,5 - すごくきれい,205 ～ 207,2025年08月,シャイン,1500,7.8,白,AC NV TV AW SR
シトロエン,Ｃ４ ピカソ 5D 2WD,2019,ＣＡＴ,80,B78AH01,4 - きれい,35 ～ 39,2025年08月,シャイン ブルーＨＤｉ,2000,,黒,AC NV TV AW SR
シトロエン,ＤＳ３ 2WD,2012,ＡＴ,94,A5C5F01,4 - きれい,4 ～ 9,2025年08月,赤II,1600,,,AC AW
シトロエン,ベルランゴ 5D 2WD,2021,ＡＴ,53,K9CYH01,4 - きれい,163 ～ 165,2025年08月,シャイン,1500,7.12,青,AC SR
シトロエン,２ＣＶ６ 4D 2WD,1990,４ＭＴ,17,3 - 普通,70 ～ 76,nan,2025年08月,スペシャル,,,青,AC AW SR 革
シトロエン,Ｃ３ 5D 2WD,2019,ＡＴ,31,B6HN01,3 - 普通,28 ～ 32,2025年08月,フィール,1200,8.1,,AC AW
シトロエン,Ｃ３ 5D 2WD,2020,ＡＴ,33,B6HN05,5 - すごくきれい,107 ～ 112,2025年08月,シャイン,1200,,,AC NV TV AW SR
シトロエン,Ｃ４ 5D 2WD,2011,ＡＴ,56,B75F02S,4 - きれい,8 ～ 12,2025年08月,エクスクルーシブ,1600,9.2,茶,AC NV TV AW SR 革
シトロエン,Ｃ３ 5D 2WD,2014,ＡＴ,60,A5HM01,4 - きれい,4 ～ 7,2025年08月,セダクション,1200,,白,AC
シトロエン,ベルランゴ 5D 2WD,2022,ＡＴ,54,K9CYH01,5 - すごくきれい,174 ～ 178,2025年08月,フィール,1500,,ベージュ,AC
シトロエン,Ｃ３ 5D 2WD,2020,ＡＴ,64,B6HN05,5 - すごくきれい,59 ～ 63,2025年08月,ベージュII,1200,,,AC
シトロエン,Ｃ３ 5D 2WD,2015,ＡＴ,126,A5HM01,3 - 普通,6 ～ 10,2025年08月,セダクション,1200,8.5,紺,AC
シトロエン,ＤＳ４ 5D 2WD,2013,ＡＴ,105,B7C5F06S,3 - 普通,4 ～ 9,2025年08月,エレクトロショット,1600,,,AC
シトロエン,グランドＣ４ ピカソ 2WD,2015,ＡＴ,81,B7875G01,-1 - 修復歴あり,17 ～ 22,2025年08月,,1600,9.1,ワイン,AC AW
シトロエン,Ｃ３ 5D 2WD,2011,ＡＴ,1000,A55F01,-1 - 修復歴あり,5 ～ 7,2025年08月,セダクション,1600,,黒,AC AW
シトロエン,グランドＣ４ ピカソ 5D 2WD,2015,ＣＡＴ,119,B7875G01,4 - きれい,23 ～ 26,2025年08月,エクスクルーシブ,1600,9.3,白,AC NV TV AW
シトロエン,グランドＣ４ ピカソ 5D 2WD,2018,ＡＴ,82,B787AH01,4 - きれい,28 ～ 30,2025年08月,シャイン ブルーＨＤｉ,2000,,黒,AC AW SR
シトロエン,グランドＣ４ ピカソ 5D 2WD,2015,ＡＴ,88,B7875G01,3 - 普通,13 ～ 17,2025年08月,セダクション,1600,8.6,青,AC NV TV AW
シトロエン,Ｃ３ 2WD,2011,ＡＴ,111,A55F01,4 - きれい,3 ～ 7,2025年08月,ライトブルー,1600,8.9,,AC AW
シトロエン,Ｃ３ 2WD,2018,ＡＴ,45,B6HN01,4 - きれい,34 ～ 39,2025年08月,,1200,,赤,AC
シトロエン,ＤＳ３ 3D 2WD,2012,ＡＴ,34,A5C5F01,4 - きれい,15 ～ 20,2025年08月,シック ウルトラプレステージ,1600,,,AC AW 革
シトロエン,ＤＳ４ 2WD,2013,ＡＴ,72,B7C5F06S,3 - 普通,8 ～ 14,2025年08月,,1600,8.9,紺,AC
シトロエン,ＤＳ３カブリオ 3D 2WD,2013,６ＭＴ,119,A5C5F02,4 - きれい,1 ～ 5,2025年08月,スポーツシック,1600,8.12,黒,AC NV TV AW SR 革
シトロエン,グランドＣ４ ピカソ 5D 2WD,2018,ＣＡＴ,70,B787AH01,3 - 普通,68 ～ 72,2025年08月,シャイン ブルーＨＤｉ,2000,,ベージュ,AC AW SR
シトロエン,Ｃ３ 5D 2WD,2020,ＡＴ,61,B6HN01,5 - すごくきれい,63 ～ 69,2025年08月,オリジンズ,1200,,,AC NV TV AW SR 革
シトロエン,グランドＣ４ ピカソ 5D 2WD,2014,ＣＡＴ,138,B7875G01,4 - きれい,10 ～ 14,2025年08月,エクスクルーシブ,1600,,白,AC
シトロエン,Ｃ３ 5D 2WD,2011,ＡＴ,24,A55F01,5 - すごくきれい,13 ～ 17,2025年08月,エクスクルーシブ,1600,8.2,白,AC AW
シトロエン,Ｃ３ 5D 2WD,2017,ＡＴ,101,B6HN01,5 - すごくきれい,25 ～ 27,2025年08月,フィール,1200,,白,AC AW SR 革
シトロエン,Ｃ３ エアクロス 5D 2WD,2023,ＡＴ,7,A8HN05,5 - すごくきれい,196 ～ 200,2025年08月,シャインパック,1200,8.10,,AC NV TV AW SR
シトロエン,Ｃ４ ピカソ 5D 2WD,2015,ＣＡＴ,113,B785G01,4 - きれい,12 ～ 16,2025年08月,エクスクルーシブ,1600,8.5,赤,AC NV TV AW SR
シトロエン,Ｃ３ 5D 2WD,2014,ＡＴ,60,A5HM01,4 - きれい,4 ～ 9,2025年08月,セダクション,1200,,白,AC NV TV AW
シトロエン,Ｃ３ 5D 2WD,2017,ＡＴ,80,B6HN01,4 - きれい,45 ～ 47,2025年08月,コロラドエディション,1200,8.6,,AC AW
シトロエン,Ｃ３ 2WD,2014,ＡＴ,39,A5HM01,-1 - 修復歴あり,7 ～ 10,2025年08月,,1200,,黒,AC NV TV AW
シトロエン,ＤＳ５ 2WD,2014,ＡＴ,127,B85F02,3 - 普通,9 ～ 14,2025年08月,,1600,,青,AC NV TV AW SR 革
シトロエン,Ｃ５エアクロス 5D 2WD,2020,ＡＴ,43,C84AH01,4 - きれい,152 ～ 156,2025年08月,シャイン,2000,7.8,グレー,AC NV TV AW 革
シトロエン,Ｃ３ 5D 2WD,2020,ＡＴ,33,B6HN05,5 - すごくきれい,98 ～ 102,2025年08月,ＬグリーンII,1200,9.4,,AC AW
シトロエン,ベルランゴ 5D 2WD,2022,ＡＴ,29,K9CYH01,5 - すごくきれい,241 ～ 245,2025年08月,シャイン ＸＴＲ パック,1500,9.1,白,AC AW SR
シトロエン,グランドＣ４ ピカソ 5D 2WD,2015,ＡＴ,87,B7875G01,-1 - 修復歴あり,10 ～ 13,2025年08月,セダクション,1600,9.1,赤,AC AW SR
シトロエン,ベルランゴ 5D 2WD,2023,ＡＴ,100,K9CYH01L,4 - きれい,145 ～ 151,2025年08月,ロング シャイン ブルーＨＤｉ,1500,8.6,白,AC AW
シトロエン,Ｃ３ エアクロス 5D 2WD,2020,ＡＴ,14,A8HN05,5 - すごくきれい,119 ～ 121,2025年08月,シャインパッケージ,1200,,,AC AW SR
シトロエン,グランドＣ４ ピカソ 5D 2WD,2015,ＣＡＴ,57,B7875G01,5 - すごくきれい,37 ～ 41,2025年08月,エクスクルーシブ,1600,8.12,白,AC NV TV AW SR
シトロエン,Ｃ４ 5D 2WD,2022,ＡＴ,21,C41YH01,5 - すごくきれい,174 ～ 176,2025年08月,シャイン ブルーＨＤｉ,1500,8.11,茶,AC NV TV AW SR
シトロエン,グランドＣ４ ピカソ 5D 2WD,2016,ＡＴ,62,B7875G01,4 - きれい,39 ～ 42,2025年08月,エクスクルーシブ,1600,,白,AC NV TV AW SR
シトロエン,Ｃ３ 5D 2WD,2020,ＡＴ,22,B6HN05,5 - すごくきれい,121 ～ 126,2025年08月,シャイン,1200,9.3,,AC NV TV AW SR
シトロエン,Ｃ５エアクロス 2WD,2020,ＡＴ,26,C84AH01,5 - すごくきれい,187 ～ 190,2025年08月,,2000,8.2,黒,AC AW SR 革
シトロエン,Ｃ３ 5D 2WD,2018,ＡＴ,65,B6HN01,5 - すごくきれい,43 ～ 48,2025年08月,フィール,1200,,緑,AC
シトロエン,Ｃ３ 5D 2WD,2018,ＡＴ,21,B6HN01,5 - すごくきれい,85 ～ 89,2025年08月,シャイン,1200,,,AC NV TV AW
シトロエン,グランドＣ４ スペースツアラー 5D 2WD,2019,ＡＴ,66,B7875G01,5 - すごくきれい,99 ～ 101,2025年08月,シャイン,1600,8.5,白,AC AW SR
シトロエン,Ｃ３ 2WD,2016,ＡＴ,80,A5HM01,5 - すごくきれい,11 ～ 14,2025年08月,,1200,,青,AC NV TV AW 革
シトロエン,Ｃ３ エアクロス 5D 2WD,2020,ＡＴ,57,A8HN05,5 - すごくきれい,72 ～ 77,2025年08月,フィール,1200,7.11,白,AC AW 革
シトロエン,Ｃ５ Ｘ 5D 2WD,2022,ＡＴ,9,E435G06,5 - すごくきれい,297 ～ 303,2025年08月,シャインパック,1600,7.9,,AC NV TV AW SR 革
シトロエン,グランドＣ４ ピカソ 5D 2WD,2017,ＣＡＴ,115,B787AH01,4 - きれい,27 ～ 30,2025年08月,シャイン ブルーＨＤｉ,2000,,黒,AC SR
シトロエン,グランドＣ４ ピカソ 5D 2WD,2016,ＣＡＴ,98,B7875G01,4 - きれい,12 ～ 17,2025年08月,セダクション,1600,,,AC AW
シトロエン,ＤＳ３ 3D 2WD,2010,ＡＴ,102,A5C5F01,3 - 普通,5 ～ 9,2025年08月,シック,1600,,グレー,AC 革
シトロエン,Ｃ５エアクロス 2WD,2020,ＡＴ,77,C84AH01,5 - すごくきれい,108 ～ 113,2025年08月,パールII,2000,7.8,,AC NV TV AW 革
シトロエン,Ｃ３ 5D 2WD,2018,ＡＴ,19,B6HN01,5 - すごくきれい,56 ～ 61,2025年08月,フィール,1200,,白,AC AW
シトロエン,Ｃ３ 5D 2WD,2018,ＡＴ,46,B6HN01,4 - きれい,41 ～ 44,2025年08月,コロラドエディション,1200,7.10,,AC NV TV AW
シトロエン,Ｃ４ 5D 2WD,2018,ＡＴ,49,B7BH01,4 - きれい,15 ～ 20,2025年08月,,1600,,白,AC NV TV AW SR
シトロエン,Ｃ３ 5D 2WD,2016,ＡＴ,28,A5HM01,4 - きれい,3 ～ 9,2025年08月,セダクション レザー,1200,,赤,AC AW 革
シトロエン,グランドＣ４ ピカソ 5D 2WD,2014,ＡＴ,50,B7875G01,4 - きれい,24 ～ 26,2025年08月,エクスクルーシブ,1600,,赤,AC NV TV SR
シトロエン,Ｃ３ 5D 2WD,2019,ＡＴ,68,B6HN01,5 - すごくきれい,26 ～ 31,2025年08月,シャイン,1200,,,AC AW
シトロエン,Ｃ３ エアクロス 5D 2WD,2020,ＡＴ,18,A8HN05,5 - すごくきれい,99 ～ 104,2025年08月,シャイン,1200,,,AC NV TV AW
シトロエン,ＤＳ３ 3D 2WD,2013,６ＭＴ,42,A5C5F02,3 - 普通,7 ～ 9,2025年08月,スポーツシック,1600,,,AC
シトロエン,グランドＣ４ ピカソ 5D 2WD,2017,ＡＴ,88,B7875G01,3 - 普通,16 ～ 20,2025年08月,エクスクルーシブ プラス,1600,7.11,青,AC NV TV AW SR
シトロエン,ＤＳ４ 5D 2WD,2013,ＡＴ,77,B7C5F06S,3 - 普通,5 ～ 8,2025年08月,シック,1600,8.4,紺,AC AW
シトロエン,ベルランゴ 5D 2WD,2022,ＡＴ,35,K9CYH01,5 - すごくきれい,240 ～ 242,2025年08月,シャイン,1500,,ベージュ,AC AW SR
シトロエン,ベルランゴ 5D 2WD,2021,ＡＴ,33,K9CYH01,5 - すごくきれい,214 ～ 218,2025年08月,シャイン ＸＴＲ パック,1500,,ベージュ,AC AW SR
シトロエン,Ｃ３ 2WD,2013,ＡＴ,22,A55F01,4 - きれい,5 ～ 9,2025年08月,,1600,9.4,白,AC SR
シトロエン,Ｃ３ 5D 2WD,2017,ＡＴ,61,B6HN01,3 - 普通,25 ～ 30,2025年08月,フィール,1200,,,AC NV TV AW
シトロエン,Ｃ４ ピカソ 5D 2WD,2018,ＣＡＴ,72,B78AH01,4 - きれい,26 ～ 28,2025年08月,シャイン ブルーＨＤｉ,2000,,ワイン,AC SR
シトロエン,ベルランゴ 5D 2WD,2020,ＡＴ,77,4 - きれい,137 ～ 140,nan,2025年08月,デビューエディション,1500,9.2,,AC NV TV AW SR
シトロエン,ＤＳ４ 2WD,2012,ＡＴ,119,B7C5F02S,4 - きれい,7 ～ 11,2025年08月,,1600,,パール,AC AW 革
シトロエン,ＤＳ４ 5D 2WD,2012,ＡＴ,94,B7C5F02S,3 - 普通,2 ～ 5,2025年08月,シック,1600,,黒,AC
シトロエン,グランドＣ４ ピカソ 5D 2WD,2014,ＣＡＴ,106,B7875G01,4 - きれい,11 ～ 14,2025年08月,エクスクルーシブ,1600,,青,AC NV TV AW
シトロエン,Ｃ４ ピカソ 5D 2WD,2015,ＣＡＴ,117,B785G01,4 - きれい,16 ～ 18,2025年08月,エクスクルーシブ,1600,8.4,赤,AC NV TV AW SR
シトロエン,Ｃ３ 2WD,2012,ＡＴ,47,A55F01,4 - きれい,7 ～ 11,2025年08月,,1600,,白,AC AW
シトロエン,グランドＣ４ ピカソ 2WD,2015,ＣＡＴ,37,B7875G01,4 - きれい,37 ～ 40,2025年08月,,1600,8.6,茶,AC SR
シトロエン,Ｃ３ 5D 2WD,2019,ＡＴ,73,B6HN01,5 - すごくきれい,52 ～ 56,2025年08月,オリジンズ,1200,,,AC NV TV AW
シトロエン,Ｃ３ エアクロス 5D 2WD,2020,ＡＴ,24,A8HN05,5 - すごくきれい,95 ～ 101,2025年08月,シャイン,1200,7.12,グレー,AC SR
シトロエン,Ｃ４ カクタス 2WD,2016,ＡＴ,43,5 - すごくきれい,110 ～ 114,nan,2025年08月,,1600,9.8,パール,AC NV TV AW SR 革
シトロエン,Ｃ３ 5D 2WD,2019,ＡＴ,23,B6HN01,5 - すごくきれい,61 ～ 66,2025年08月,シャイン,1200,,,AC AW
シトロエン,Ｃ４ 5D 2WD,2022,ＡＴ,52,C41YH01,5 - すごくきれい,149 ～ 154,2025年08月,シャイン ブルーＨＤｉ,1500,8.11,青,AC NV TV AW SR 革
シトロエン,Ｃ４ 5D 2WD,2018,ＡＴ,63,B7BH01,5 - すごくきれい,24 ～ 28,2025年08月,シャイン ブルーＨＤｉ,1600,8.10,茶,AC NV TV AW SR
シトロエン,Ｃ３ 5D 2WD,2015,ＡＴ,33,A5HM01,4 - きれい,8 ～ 10,2025年08月,セダクション,1200,9.1,赤,AC AW SR
シトロエン,Ｃ３ 5D 2WD,2017,ＡＴ,19,B6HN01,5 - すごくきれい,78 ～ 80,2025年08月,ＬグリーンII,1200,,,AC NV TV AW SR
シトロエン,ベルランゴ 5D 2WD,2020,ＡＴ,48,K9CYH01,4 - きれい,194 ～ 198,2025年08月,シャイン,1500,8.3,ベージュ,AC AW SR
シトロエン,Ｃ３ 5D 2WD,2018,ＡＴ,73,B6HN01,4 - きれい,46 ～ 50,2025年08月,カフェエディション,1200,,,AC NV TV AW 革
シトロエン,Ｃ３ 5D 2WD,2019,ＡＴ,19,B6HN01,5 - すごくきれい,89 ～ 94,2025年08月,オリジンズ,1200,8.5,,AC AW
シトロエン,Ｃ３ 5D 2WD,2018,ＡＴ,22,B6HN01,5 - すごくきれい,66 ～ 68,2025年08月,オレンジII,1200,7.9,,AC NV TV AW 革
シトロエン,Ｃ３ 2WD,2012,ＡＴ,110,A55F01,4 - きれい,3 ～ 6,2025年08月,,1600,,黒,AC AW SR
シトロエン,Ｃ６ 4D 2WD,2008,ＡＴ,91,X6XFV,4 - きれい,17 ～ 21,2025年08月,エクスクルーシブ,3000,8.8,シルバー,AC AW SR 革
シトロエン,ベルランゴ 5D 2WD,2022,ＡＴ,37,K9CYH01,3 - 普通,182 ～ 186,2025年08月,シャイン ＸＴＲ パック,1500,8.1,ベージュ,AC AW SR
シトロエン,Ｃ３ エアクロス 5D 2WD,2023,ＡＴ,15,A8HN05,5 - すごくきれい,189 ～ 192,2025年08月,シャインパック,1200,7.12,,AC AW SR 革
シトロエン,Ｃ３ 5D 2WD,2020,ＡＴ,23,B6HN05,5 - すごくきれい,93 ～ 97,2025年08月,シャイン,1200,,,AC NV TV AW
シトロエン,Ｃ３ 2WD,2014,ＡＴ,37,A5HM01,-1 - 修復歴あり,6 ～ 11,2025年08月,,1200,,黒,AC AW
シトロエン,グランドＣ４ スペースツアラー 5D 2WD,2018,ＡＴ,61,B787AH01,4 - きれい,81 ～ 85,2025年08月,シャイン ブルーＨＤｉ,2000,7.6,黒,AC NV TV AW SR
シトロエン,ベルランゴ 5D 2WD,2020,ＡＴ,12,K9CYH01,5 - すごくきれい,233 ～ 235,2025年08月,シャイン,1500,8.2,ベージュ,NV TV AW SR
シトロエン,Ｃ３ エアクロス 5D 2WD,2021,ＡＴ,26,A8HN05,4 - きれい,79 ～ 82,2025年08月,ベージュII,1200,7.11,,AC NV TV AW
シトロエン,ベルランゴ 5D 2WD,2023,ＡＴ,14,K9CYH01,5 - すごくきれい,285 ～ 288,2025年07月,エディション・ノアール,1500,8.6,黒,AC AW SR
シトロエン,Ｃ３ 5D 2WD,2018,ＡＴ,118,B6HN01,4 - きれい,26 ～ 29,2025年07月,シャイン,1200,8.12,ベージュ,AC AW SR
シトロエン,Ｃ３ 5D 2WD,2018,ＡＴ,13,B6HN01,5 - すごくきれい,101 ～ 104,2025年07月,コロラドエディション,1200,,,AC NV TV AW
シトロエン,グランドＣ４ ピカソ 5D 2WD,2018,ＡＴ,126,B787AH01,4 - きれい,40 ～ 45,2025年07月,ワイルドブルー,2000,,ベージュ,AC NV TV SR
シトロエン,ベルランゴ 5D 2WD,2022,ＡＴ,16,K9CYH01,5 - すごくきれい,243 ～ 249,2025年07月,シャイン,1500,7.11,ベージュ,AC AW SR
シトロエン,Ｃ３ 5D 2WD,2018,ＡＴ,68,B6HN01,5 - すごくきれい,33 ～ 38,2025年07月,フィール,1200,,緑,AC NV TV AW
シトロエン,ベルランゴ 5D 2WD,2022,ＡＴ,57,K9CYH01,5 - すごくきれい,159 ～ 161,2025年07月,シャイン,1500,,ベージュ,AC NV TV AW SR
シトロエン,グランドＣ４ スペースツアラー 5D 2WD,2018,ＡＴ,102,B787AH01,4 - きれい,40 ～ 45,2025年07月,シャイン ブルーＨＤｉ,2000,7.10,白,AC AW SR 革
シトロエン,Ｃ３ 2WD,2018,ＡＴ,67,B6HN01,3 - 普通,32 ～ 36,2025年07月,緑／白,1200,,,AC SR
シトロエン,Ｃ５ 5D 2WD,2013,ＡＴ,24,X75F02,5 - すごくきれい,62 ～ 66,2025年07月,ツアラー セダクション,1600,,白,AC AW SR
シトロエン,ベルランゴ 2WD,2023,ＡＴ,8,K9CYH01,5 - すごくきれい,237 ～ 241,2025年07月,,1500,8.6,白,AC AW SR
シトロエン,ベルランゴ 5D 2WD,2021,ＡＴ,19,K9CYH01,-1 - 修復歴あり,172 ～ 178,2025年07月,シャイン,1500,,ベージュ,AC NV TV AW SR 革
シトロエン,Ｃ３ エアクロス 5D 2WD,2019,ＡＴ,32,A8HN05,5 - すごくきれい,89 ～ 92,2025年07月,ガンＭII,1200,8.8,,AC AW
シトロエン,Ｃ３ 5D 2WD,2018,ＡＴ,131,B6HN01,3 - 普通,12 ～ 17,2025年07月,シャイン,1200,,グレー,AC AW
シトロエン,Ｃ４ ピカソ 5D 2WD,2011,ＡＴ,97,B585F04P,3 - 普通,3 ～ 8,2025年07月,,1600,,黒,AC AW
シトロエン,Ｃ３ 5D 2WD,2020,ＡＴ,13,B6HN05,5 - すごくきれい,123 ～ 128,2025年07月,シャイン,1200,,,AC AW SR
シトロエン,ＤＳ４ 2WD,2013,ＡＴ,71,B7C5F06S,4 - きれい,6 ～ 8,2025年07月,,1600,8.2,黒,AC AW 革
シトロエン,ベルランゴ 5D 2WD,2020,ＡＴ,15,K9CYH01,4 - きれい,174 ～ 178,2025年07月,フィール,1500,7.9,緑,AC NV TV AW
シトロエン,グランドＣ４ スペースツアラー 5D 2WD,2019,ＣＡＴ,35,B787AH01,5 - すごくきれい,180 ～ 185,2025年07月,シャイン ブルーＨＤｉ,2000,7.12,ベージュ,AC AW SR
シトロエン,グランドＣ４ ピカソ 5D 2WD,2015,ＣＡＴ,40,B7875G01,4 - きれい,24 ～ 27,2025年07月,セダクション,1600,8.9,青,AC AW
シトロエン,Ｃ３ 2WD,2010,ＡＴ,56,A55F01,3 - 普通,7 ～ 11,2025年07月,,1600,,青,AC
シトロエン,Ｃ３ 5D 2WD,2004,ＡＴ,82,A8NFU,3 - 普通,6 ～ 8,2025年07月,1.6,1600,,赤,AC AW
シトロエン,ＤＳ３ 3D 2WD,2012,６ＭＴ,131,4 - きれい,20 ～ 25,nan,2025年07月,レーシング,1600,8.3,,AC AW 革
シトロエン,Ｃ３ 5D 2WD,2018,ＡＴ,54,B6HN01,4 - きれい,47 ～ 50,2025年07月,カフェエディション,1200,,,AC NV TV AW
シトロエン,Ｃ４ ピカソ 5D 2WD,2012,ＣＡＴ,54,B585F02P,3 - 普通,8 ～ 14,2025年07月,１．６Ｔエクスクルーシブ,1600,,黒,AC AW SR
シトロエン,グランドＣ４ ピカソ 5D 2WD,2018,ＡＴ,51,B7875G01,5 - すごくきれい,74 ～ 78,2025年07月,シャイン,1600,,青,AC AW SR
シトロエン,Ｃ３ 2WD,2021,ＡＴ,13,B6HN05,4 - きれい,121 ～ 124,2025年07月,,1200,8.10,グレー,AC AW
シトロエン,Ｃ４ 5D 2WD,2016,ＡＴ,61,B7BH01,3 - 普通,4 ～ 9,2025年07月,フィール ブルーＨＤｉ,1600,,赤,AC NV TV AW SR
シトロエン,Ｃ３ 5D 2WD,2017,ＡＴ,77,B6HN01,5 - すごくきれい,31 ～ 34,2025年07月,シャイン,1200,8.10,,AC NV TV AW
シトロエン,Ｃ４ カクタス 5D 2WD,2017,ＡＴ,61,E3HM01,5 - すごくきれい,58 ～ 63,2025年07月,,1200,8.8,白,AC AW SR
シトロエン,Ｃ３ エアクロス 5D 2WD,2019,ＡＴ,27,A8HN05,5 - すごくきれい,102 ～ 108,2025年07月,シャイン,1200,,黒,AC NV TV AW SR
シトロエン,Ｃ３ エアクロス 5D 2WD,2020,ＡＴ,74,A8HN05,4 - きれい,41 ～ 46,2025年07月,シャイン,1200,,白,AC NV TV AW SR
シトロエン,Ｃ３ 5D 2WD,2015,ＡＴ,43,A5HM01,3 - 普通,6 ～ 9,2025年07月,エクスクルーシブ,1200,8.11,黒,AC NV TV AW SR
シトロエン,グランドＣ４ スペースツアラー 5D 2WD,2020,ＣＡＴ,73,B787AH01,5 - すごくきれい,85 ～ 88,2025年07月,シャイン ブルーＨＤｉ,2000,9.1,青,AC NV TV AW SR
シトロエン,Ｃ３ 5D 2WD,2018,ＡＴ,25,B6HN01,5 - すごくきれい,91 ～ 95,2025年07月,カフェエディション,1200,,グレー,AC AW 革
シトロエン,Ｃ３ エアクロス 5D 2WD,2020,ＡＴ,27,A8HN05,-1 - 修復歴あり,78 ～ 81,2025年07月,ベージュII,1200,,,AC AW
シトロエン,ベルランゴ 5D 2WD,2020,ＡＴ,87,K9CYH01,3 - 普通,112 ～ 116,2025年07月,シャイン,1500,,ベージュ,AC NV TV AW SR
シトロエン,Ｃ３ 5D 2WD,2012,ＡＴ,74,A55F01,3 - 普通,8 ～ 13,2025年07月,エクスクルーシブ,1600,8.1,青,AC AW
シトロエン,グランドＣ４ ピカソ 5D 2WD,2017,ＣＡＴ,106,B787AH01,4 - きれい,19 ～ 24,2025年07月,シャイン ブルーＨＤｉ,2000,,青,AC NV TV AW SR 革
シトロエン,Ｃ３ エアクロス 5D 2WD,2023,ＡＴ,25,A8YH01,5 - すごくきれい,209 ～ 212,2025年07月,シャインパック ブルーＨＤｉ,1500,8.5,,AC NV TV AW SR 革
シトロエン,Ｃ３ 5D 2WD,2018,ＡＴ,54,B6HN01,5 - すごくきれい,51 ～ 55,2025年07月,シャイン,1200,8.3,,AC NV TV AW
シトロエン,ベルランゴ 5D 2WD,2022,ＡＴ,44,K9CYH01,3 - 普通,174 ～ 179,2025年07月,シャイン ＸＴＲ パック,1500,9.4,グレー,AC NV TV AW SR 革
シトロエン,Ｃ３ 5D 2WD,2019,ＡＴ,42,B6HN01,5 - すごくきれい,77 ～ 80,2025年07月,ベージュII,1200,,,AC NV TV AW SR 革
シトロエン,グランドＣ４ スペースツアラー 5D 2WD,2019,ＣＡＴ,32,B7875G06,5 - すごくきれい,170 ～ 175,2025年07月,シャイン,1600,8.12,黒,AC NV TV AW SR 革
シトロエン,Ｃ３ エアクロス 5D 2WD,2019,ＡＴ,26,A8HN05,-1 - 修復歴あり,46 ～ 51,2025年07月,シャイン,1200,,ベージュ,AC
シトロエン,Ｃ３ 5D 2WD,2018,ＡＴ,48,B6HN01,4 - きれい,59 ～ 61,2025年07月,コロラドエディション,1200,7.8,,AC NV TV AW 革
シトロエン,Ｃ３ 5D 2WD,2017,ＡＴ,50,B6HN01,5 - すごくきれい,71 ～ 74,2025年07月,ＬグリーンII,1200,,,AC AW
シトロエン,Ｃ４ カクタス 5D 2WD,2016,ＡＴ,30,E3HM01,4 - きれい,50 ～ 53,2025年07月,ベースグレード,1200,7.12,青,AC NV TV AW SR 革
シトロエン,ベルランゴ 5D 2WD,2021,ＡＴ,30,K9CYH01,3 - 普通,144 ～ 150,2025年07月,フィール,1500,8.8,ベージュ,AC NV TV AW SR
シトロエン,Ｃ３ 5D 2WD,2017,ＡＴ,59,B6HN01,3 - 普通,24 ～ 28,2025年07月,フィール,1200,,オレンジ,AC AW
シトロエン,Ｃ４ 5D 2WD,2015,ＡＴ,36,B75F02,4 - きれい,10 ～ 14,2025年07月,エクスクルーシブ,1600,8.6,白,AC NV TV AW SR 革
シトロエン,ベルランゴ 5D 2WD,2022,ＡＴ,21,K9CYH01,5 - すごくきれい,220 ～ 223,2025年07月,シャイン,1500,9.3,青,AC NV TV AW SR
シトロエン,ベルランゴ 5D 2WD,2022,ＡＴ,7,K9CYH01,5 - すごくきれい,248 ～ 252,2025年07月,シャイン,1500,7.12,ベージュ,AC AW SR
シトロエン,Ｃ５ Ｘ 5D 2WD,2023,ＡＴ,48,E435G06,5 - すごくきれい,187 ～ 191,2025年07月,シャインパック,1600,8.11,,AC NV TV AW SR 革
シトロエン,ＤＳ５ 2WD,2012,ＡＴ,147,B85F02,4 - きれい,9 ～ 11,2025年07月,,1600,,黒,AC NV TV AW SR 革
シトロエン,グランドＣ４ ピカソ 5D 2WD,2017,ＣＡＴ,89,B787AH01,4 - きれい,48 ～ 54,2025年07月,シャイン ブルーＨＤｉ,2000,8.8,ベージュ,AC NV TV AW SR
シトロエン,Ｃ３ 5D 2WD,2019,ＡＴ,57,B6HN01,5 - すごくきれい,61 ～ 65,2025年07月,シャイン,1200,8.10,ベージュ,AC AW
シトロエン,ベルランゴ 5D 2WD,2020,ＡＴ,59,5 - すごくきれい,153 ～ 157,nan,2025年07月,,1500,,緑,AC NV TV AW SR
シトロエン,Ｃ３ 5D 2WD,2014,ＡＴ,62,A5HM01,4 - きれい,5 ～ 9,2025年07月,セダクション,1200,8.1,赤,AC AW
シトロエン,グランドＣ４ スペースツアラー 5D 2WD,2019,ＣＡＴ,94,B7875G06,4 - きれい,37 ～ 41,2025年07月,オリジンズ,1600,8.5,白,NV TV AW SR
シトロエン,Ｃ４ ピカソ 5D 2WD,2011,ＡＴ,215,B585F02P,3 - 普通,3 ～ 8,2025年07月,１．６Ｔエクスクルーシブ,1600,,青,AC NV TV AW SR 革
シトロエン,ＤＳ５ 2WD,2014,ＡＴ,131,B85F02,4 - きれい,9 ～ 12,2025年07月,,1600,,パール,AC AW 革
シトロエン,グランドＣ４ ピカソ 2WD,2018,ＣＡＴ,87,B787AH01,4 - きれい,16 ～ 20,2025年07月,,2000,,黒,AC AW SR
シトロエン,ＤＳ４ 5D 2WD,2011,６ＭＴ,52,B7C5F03S,-1 - 修復歴あり,7 ～ 9,2025年07月,スポーツシック,1600,,黒,AC NV TV AW SR 革
シトロエン,グランドＣ４ ピカソ 5D 2WD,2015,ＣＡＴ,73,B7875G01,4 - きれい,23 ～ 26,2025年07月,セダクション,1600,,茶,AC NV TV AW SR
シトロエン,ベルランゴ 5D 2WD,2020,ＡＴ,83,5 - すごくきれい,116 ～ 119,nan,2025年07月,デビューエディション,1500,,ベージュ,AC NV TV AW SR
シトロエン,Ｃ４ カクタス 5D 2WD,2017,ＡＴ,77,E3HM01,3 - 普通,34 ～ 38,2025年07月,ベースグレード,1200,8.9,白,AC AW
シトロエン,Ｃ４ ピカソ 5D 2WD,2017,ＣＡＴ,68,B785G01,4 - きれい,12 ～ 16,2025年07月,エクスクルーシブ プラス,1600,,青,AC NV TV AW SR
シトロエン,Ｃ５ Ｘ 5D 2WD,2023,ＡＴ,28,E435G06,5 - すごくきれい,259 ～ 262,2025年07月,シャインパック,1600,8.6,パール,AC NV TV AW SR 革
シトロエン,Ｃ３ 5D 2WD,2012,ＡＴ,68,A55F01,4 - きれい,5 ～ 7,2025年07月,エクスクルーシブ,1600,,白,AC
シトロエン,グランドＣ４ ピカソ 5D 2WD,2015,ＣＡＴ,65,B7875G01,4 - きれい,20 ～ 24,2025年07月,セダクション,1600,8.1,赤,AC NV TV AW SR
シトロエン,ベルランゴ 5D 2WD,2020,ＡＴ,28,K9CYH01,5 - すごくきれい,197 ～ 201,2025年07月,フィール,1500,7.10,緑,AC NV TV AW SR
シトロエン,グランドＣ４ ピカソ 5D 2WD,2018,ＡＴ,58,B787AH01,5 - すごくきれい,60 ～ 64,2025年07月,シャイン ブルーＨＤｉ,2000,,青,AC NV TV AW SR
シトロエン,Ｃ３ エアクロス 5D 2WD,2022,ＡＴ,47,A8HN05,5 - すごくきれい,139 ～ 142,2025年07月,グレーII,1200,,,AC AW 革
シトロエン,Ｃ３ 2WD,2017,ＡＴ,86,B6HN01,4 - きれい,31 ～ 34,2025年07月,緑II,1200,,,AC AW SR
シトロエン,Ｃ３ エアクロス 5D 2WD,2020,ＡＴ,22,A8HN05,5 - すごくきれい,96 ～ 100,2025年07月,シャイン,1200,7.7,グレー,AC AW
シトロエン,ベルランゴ 5D 2WD,2023,ＡＴ,10,K9CYH01,5 - すごくきれい,256 ～ 261,2025年07月,シャイン ブルーＨＤｉ,1500,7.12,白,AC AW SR
シトロエン,ベルランゴ 5D 2WD,2020,ＡＴ,84,4 - きれい,96 ～ 99,nan,2025年07月,デビューエディション,1500,,ベージュ,AC NV TV AW SR 革
シトロエン,ベルランゴ 2WD,2023,ＡＴ,30,K9CYH01,5 - すごくきれい,228 ～ 232,2025年07月,ガンＭ,1500,8.10,,AC NV TV AW SR
シトロエン,Ｃ４ 5D 2WD,2010,ＡＴ,31,B55FW,4 - きれい,11 ～ 14,2025年07月,１．６リミテッド９０ＡＮＳ,1600,7.9,ベージュ,AC AW SR
シトロエン,Ｃ４ 5D 2WD,2016,ＡＴ,21,B7HN02,5 - すごくきれい,35 ～ 41,2025年07月,セダクション アップグレードパッケージ,1200,,グレー,AC AW SR
シトロエン,Ｃ３ エアクロス 5D 2WD,2019,ＡＴ,42,A8HN05,5 - すごくきれい,94 ～ 97,2025年07月,グレーII,1200,8.12,,AC AW
シトロエン,Ｃ３ エアクロス 5D 2WD,2020,ＡＴ,73,A8HN05,4 - きれい,32 ～ 34,2025年07月,シャイン,1200,,白,AC AW SR
シトロエン,ベルランゴ 5D 2WD,2023,ＡＴ,45,K9CYH01,5 - すごくきれい,243 ～ 247,2025年07月,エディション・ノアール,1500,8.4,黒,AC AW SR
シトロエン,Ｃ３ エアクロス 5D 2WD,2019,ＡＴ,47,A8HN05,5 - すごくきれい,93 ～ 97,2025年07月,オリジンズ,1200,9.1,,AC NV TV AW
シトロエン,Ｃ３ 5D 2WD,2023,ＡＴ,16,B6HN05,5 - すごくきれい,178 ～ 180,2025年07月,ベージュII,1200,8.1,,AC AW
シトロエン,Ｃ３ 5D 2WD,2018,ＡＴ,15,B6HN01,5 - すごくきれい,85 ～ 88,2025年07月,シャイン,1200,7.6,白,AC
シトロエン,Ｃ３ 5D 2WD,2019,ＡＴ,47,B6HN01,4 - きれい,72 ～ 76,2025年07月,シャイン,1200,8.5,,AC AW SR
シトロエン,Ｃ３ エアクロス 5D 2WD,2019,ＡＴ,41,A8HN05,5 - すごくきれい,83 ～ 87,2025年07月,シャイン,1200,9.2,パール,AC AW
シトロエン,Ｃ５エアクロス 5D 2WD,2020,ＡＴ,133,C84AH01,-1 - 修復歴あり,89 ～ 93,2025年07月,,2000,,黒,AC NV TV AW SR 革
シトロエン,Ｃ３ 5D 2WD,2020,ＡＴ,19,B6HN05,5 - すごくきれい,120 ～ 122,2025年07月,シャイン,1200,7.7,,AC AW
シトロエン,グランドＣ４ ピカソ 5D 2WD,2015,ＣＡＴ,56,B7875G01,4 - きれい,41 ～ 44,2025年07月,エクスクルーシブ,1600,8.6,シルバー,AC NV TV AW SR
シトロエン,ＤＳ３ 2WD,2013,６ＭＴ,40,A5C5F02,-1 - 修復歴あり,5 ～ 9,2025年07月,茶II,1600,,,AC NV TV AW SR 革
シトロエン,ベルランゴ 2WD,2023,ＡＴ,27,K9CYH01,5 - すごくきれい,225 ～ 230,2025年07月,,1500,8.2,グレー,AC AW SR
シトロエン,ＤＳ３ 3D 2WD,2010,６ＭＴ,98,A5C5F04,4 - きれい,8 ～ 11,2025年07月,スポーツシック,1600,8.8,,AC AW
シトロエン,ＤＳ３ 3D 2WD,2012,６ＭＴ,67,A5C5F02,4 - きれい,16 ～ 21,2025年07月,スポーツシック,1600,,,AC
シトロエン,ベルランゴ 5D 2WD,2020,ＡＴ,20,5 - すごくきれい,237 ～ 239,nan,2025年07月,デビューエディション,1500,9.1,緑,AC NV TV AW SR
シトロエン,Ｃ３ 5D 2WD,2016,ＡＴ,44,A5HM01,4 - きれい,9 ～ 14,2025年07月,セダクション レザー,1200,,紺,AC AW 革
シトロエン,Ｃ４ 5D 2WD,2012,ＡＴ,35,B75F02S,5 - すごくきれい,2 ～ 7,2025年07月,エクスクルーシブ,1600,,茶,AC AW
シトロエン,Ｃ３ エアクロス 5D 2WD,2020,ＡＴ,19,A8HN05,4 - きれい,113 ～ 118,2025年07月,シャインパッケージ,1200,,オレンジ,AC AW SR
シトロエン,グランドＣ４ ピカソ 5D 2WD,2017,ＣＡＴ,74,B787AH01,4 - きれい,44 ～ 48,2025年07月,シャイン ブルーＨＤｉ,2000,,黒,AC NV TV AW SR
シトロエン,Ｃ３ エアクロス 5D 2WD,2021,ＡＴ,38,A8HN05,5 - すごくきれい,102 ～ 106,2025年07月,シャイン,1200,7.11,ベージュ,AC AW
シトロエン,ＣＸ 2WD,1995,ＡＴ,109,4 - きれい,125 ～ 130,nan,2025年07月,,2500,7.7,白,AC NV TV AW SR 革
シトロエン,Ｃ３ 5D 2WD,2011,ＡＴ,71,A55F01,3 - 普通,3 ～ 8,2025年07月,ベースグレード,1600,8.1,白,AC
シトロエン,Ｃ５ Ｘ 5D 2WD,2022,ＡＴ,10,E435G06,5 - すごくきれい,317 ～ 321,2025年07月,シャインパック,1600,7.7,,AC NV TV AW SR 革
シトロエン,Ｃ３ 5D 2WD,2018,ＡＴ,62,B6HN01,5 - すごくきれい,46 ～ 51,2025年07月,ライトブルーII,1200,7.10,,AC AW
シトロエン,ベルランゴ 5D 2WD,2022,ＡＴ,35,K9CYH01,4 - きれい,202 ～ 207,2025年07月,シャイン ＸＴＲ パック,1500,,ベージュ,AC NV TV AW SR
シトロエン,Ｃ３ 5D 2WD,2020,ＡＴ,38,B6HN05,5 - すごくきれい,110 ～ 116,2025年07月,インスパイアード バイ ジャパン コレクション,1200,8.2,,AC NV TV AW
シトロエン,Ｃ３ エアクロス 5D 2WD,2020,ＡＴ,81,A8HN05,4 - きれい,50 ～ 54,2025年07月,シャインパッケージ,1200,,,AC AW SR
シトロエン,Ｃ４ ピカソ 5D 2WD,2010,ＡＴ,135,B585FXP,3 - 普通,5 ～ 8,2025年07月,,1600,,青,AC AW SR
シトロエン,Ｃ３ エアクロス 5D 2WD,2019,ＡＴ,43,A8HN05,4 - きれい,65 ～ 69,2025年07月,シャインパッケージ,1200,,,AC AW
シトロエン,ベルランゴ 5D 2WD,2021,ＡＴ,36,K9CYH01,5 - すごくきれい,218 ～ 220,2025年07月,シャイン ＸＴＲ パック,1500,8.6,白,AC NV TV AW SR
シトロエン,Ｃ３ 5D 2WD,2010,ＡＴ,56,A55F01,4 - きれい,1 ～ 5,2025年07月,ベースグレード,1600,,青,AC AW
シトロエン,Ｃ３ 5D 2WD,2013,ＡＴ,39,A55F01,4 - きれい,13 ～ 17,2025年07月,セダクション,1600,8.4,白,AC AW
シトロエン,Ｃ３ エアクロス 5D 2WD,2021,ＡＴ,12,A8HN05,5 - すごくきれい,139 ～ 143,2025年07月,キュイール,1200,8.11,白,AC AW SR 革
シトロエン,ベルランゴ 5D 2WD,2020,ＡＴ,34,K9CYH01,5 - すごくきれい,217 ～ 221,2025年07月,ライトブルー,1500,,,AC AW SR
シトロエン,Ｃ５ 5D 2WD,2006,ＡＴ,61,X3RFJ,4 - きれい,8 ～ 12,2025年07月,ブレーク２．０,2000,8.11,グレー,AC NV TV AW SR 革
シトロエン,Ｃ３ 5D 2WD,2020,ＡＴ,58,B6HN01,4 - きれい,55 ～ 59,2025年07月,オリジンズ,1200,,,AC AW
シトロエン,Ｃ４ 5D 2WD,2013,ＡＴ,34,B75F02,4 - きれい,9 ～ 12,2025年07月,エクスクルーシブ,1600,8.8,紺,AC
シトロエン,Ｃ５エアクロス 5D 2WD,2023,ＡＴ,14,C84AH01,5 - すごくきれい,280 ～ 285,2025年07月,シャインパック ブルーＨＤｉ,2000,8.6,パール,AC NV TV AW SR 革
シトロエン,Ｃ３ 5D 2WD,2019,ＡＴ,76,B6HN01,5 - すごくきれい,57 ～ 61,2025年07月,ＪＣＣ＋,1200,8.2,,AC NV TV AW
シトロエン,Ｃ３ 5D 2WD,2018,ＡＴ,32,B6HN01,5 - すごくきれい,98 ～ 102,2025年07月,シャイン,1200,,グレー,AC AW
シトロエン,Ｃ３ 5D 2WD,2018,ＡＴ,34,B6HN01,5 - すごくきれい,81 ～ 85,2025年07月,カフェエディション,1200,,,AC NV TV AW
シトロエン,Ｃ５エアクロス 2WD,2020,ＡＴ,134,C84AH01,-1 - 修復歴あり,62 ～ 65,2025年07月,,2000,,黒,AC NV TV AW SR 革
シトロエン,ＤＳ４ 5D 2WD,2011,６ＭＴ,58,B7C5F03S,-1 - 修復歴あり,3 ～ 8,2025年07月,スポーツシック,1600,,黒,AC AW 革
シトロエン,ベルランゴ 5D 2WD,2024,ＡＴ,7,K9CYH01,5 - すごくきれい,259 ～ 262,2025年07月,マックス ブルーＨＤｉ,1500,9.6,白,AC NV TV AW SR
シトロエン,ＤＳ３ 3D 2WD,2010,６ＭＴ,79,A5C5F04,3 - 普通,3 ～ 7,2025年07月,スポーツシック,1600,,グレー,AC AW 革
シトロエン,Ｃ３ 2WD,2015,ＡＴ,49,A5HM01,3 - 普通,6 ～ 12,2025年07月,,1200,9.2,黒,AC
シトロエン,Ｃ３ 5D 2WD,2018,ＡＴ,51,B6HN01,5 - すごくきれい,55 ～ 59,2025年07月,コロラドエディション,1200,7.6,,AC NV TV AW 革
シトロエン,ＤＳ３ 3D 2WD,2010,ＡＴ,73,A5C5F01,4 - きれい,8 ～ 12,2025年07月,シック,1600,,グレー,AC AW
シトロエン,Ｃ３ 5D 2WD,2001,ＡＴ,30,B6HN05,5 - すごくきれい,130 ～ 135,2025年07月,エディション２０２１,1200,7.12,,AC AW
シトロエン,ＤＳ４ 5D 2WD,2012,６ＭＴ,66,B7C5F03S,4 - きれい,7 ～ 11,2025年07月,スポーツシック,1600,,黒,AC AW 革
シトロエン,Ｃ４ 5D 2WD,2017,ＡＴ,100,B7BH01,3 - 普通,8 ～ 12,2025年07月,フィール ブルーＨＤｉ,1600,8.5,黒,AC NV TV AW
シトロエン,Ｃ３ エアクロス 5D 2WD,2020,ＡＴ,67,A8HN05,4 - きれい,54 ～ 59,2025年07月,フィール,1200,,ベージュ,AC
シトロエン,Ｃ５ 5D 2WD,2008,ＡＴ,79,X7XFV,-1 - 修復歴あり,7 ～ 9,2025年07月,ツアラー ３．０ エクスクルーシブ,3000,,紺,AC NV TV AW SR 革
シトロエン,Ｃ４ ピカソ 2WD,2008,ＣＡＴ,188,B58RFJP,3 - 普通,4 ～ 6,2025年07月,,2000,,黒,AC SR
シトロエン,Ｃ３ 5D 2WD,2016,ＡＴ,54,A5HM01,4 - きれい,6 ～ 12,2025年07月,セダクション レザー,1200,,紺,AC AW SR
シトロエン,ベルランゴ 5D 2WD,2022,ＡＴ,9,K9CYH01,5 - すごくきれい,269 ～ 274,2025年07月,シャイン,1500,8.1,ベージュ,AC AW SR
シトロエン,Ｃ３ 5D 2WD,2011,ＡＴ,94,A55F01,4 - きれい,2 ～ 6,2025年07月,ベースグレード,1600,,青,AC
シトロエン,ベルランゴ 2WD,2020,ＡＴ,112,4 - きれい,96 ～ 100,nan,2025年07月,,1500,9.4,ベージュ,AC AW SR
シトロエン,Ｃ３ 2WD,2012,ＡＴ,98,A55F01,4 - きれい,4 ～ 7,2025年07月,,1600,,黒,AC AW
シトロエン,Ｃ４ 5D 2WD,2016,ＡＴ,77,B7BH01,5 - すごくきれい,17 ～ 20,2025年07月,フィール ブルーＨＤｉ,1600,8.1,紺,AC NV TV AW
シトロエン,Ｃ３ 2WD,2016,ＡＴ,28,A5HM01,4 - きれい,7 ～ 11,2025年07月,,1200,,赤,AC AW
シトロエン,Ｃ４ カクタス 5D 2WD,2016,ＡＴ,67,E3HM01,4 - きれい,33 ～ 37,2025年07月,ベースグレード,1200,8.3,緑,AC AW SR
シトロエン,Ｃ３ 2WD,2014,ＡＴ,74,A5HM01,3 - 普通,1 ～ 7,2025年07月,,1200,,パール,AC
シトロエン,Ｃ３ エアクロス 5D 2WD,2019,ＡＴ,40,A8HN05,4 - きれい,80 ～ 85,2025年07月,グレーII,1200,8.8,,AC AW
シトロエン,Ｃ３ 5D 2WD,2019,ＡＴ,32,B6HN01,4 - きれい,62 ～ 65,2025年07月,セントジェームス,1200,8.5,青,AC
シトロエン,Ｃ３ エアクロス 5D 2WD,2020,ＡＴ,34,A8HN05,5 - すごくきれい,90 ～ 92,2025年07月,シャイン,1200,,,AC AW
シトロエン,ベルランゴ 5D 2WD,2022,ＡＴ,38,K9CYH01,5 - すごくきれい,237 ～ 240,2025年07月,シャイン,1500,,ベージュ,AC NV TV AW SR
シトロエン,Ｃ３ プルリエル オープン 2WD,2007,ＡＴ,67,A42NFU,4 - きれい,5 ～ 7,2025年07月,ベースグレード,1600,,赤,AC NV TV AW SR 革
シトロエン,Ｃ３ 5D 2WD,2014,ＡＴ,127,A5HM01,4 - きれい,5 ～ 7,2025年07月,レザーエディション,1200,,青,AC AW 革
シトロエン,Ｃ５ Ｘ 5D 2WD,2023,ＡＴ,9,E435G06,4 - きれい,260 ～ 264,2025年07月,シャインパック,1600,,,AC NV TV AW SR 革
シトロエン,Ｃ３ エアクロス 5D 2WD,2019,ＡＴ,76,A8HN05,5 - すごくきれい,63 ～ 66,2025年07月,オリジンズ,1200,,,AC AW
シトロエン,Ｃ４ 5D 2WD,2024,ＡＴ,4,C41YH01,5 - すごくきれい,275 ～ 281,2025年07月,,1500,9.8,黒,AC NV TV AW SR 革
シトロエン,Ｃ５エアクロス 5D 2WD,2020,ＡＴ,35,C845G06,5 - すごくきれい,135 ～ 138,2025年07月,パールII,1600,,,AC NV TV AW SR 革
シトロエン,Ｃ３ 5D 2WD,2020,ＡＴ,58,B6HN05,3 - 普通,64 ～ 66,2025年07月,カラメルエディション,1200,,,AC AW 革
シトロエン,ベルランゴ 5D 2WD,2021,ＡＴ,20,K9CYH01,5 - すごくきれい,250 ～ 254,2025年07月,シャイン,1500,8.5,ベージュ,AC NV TV AW SR
シトロエン,Ｃ５エアクロス 2WD,2021,ＡＴ,51,C84AH01,-1 - 修復歴あり,82 ～ 87,2025年07月,パールII,2000,,,AC NV TV AW SR 革
シトロエン,ベルランゴ 5D 2WD,2021,ＡＴ,47,K9CYH01,5 - すごくきれい,224 ～ 229,2025年07月,シャイン,1500,8.10,ベージュ,AC AW SR
シトロエン,Ｃ４ 5D 2WD,2017,ＡＴ,72,B7HN02,3 - 普通,10 ～ 13,2025年07月,フィール,1200,,ワイン,AC AW
シトロエン,Ｃ４ ピカソ 2WD,2015,ＡＴ,92,B785G01,-1 - 修復歴あり,7 ～ 11,2025年07月,ライトブルー,1600,,,AC
シトロエン,Ｃ４ ピカソ 5D 2WD,2012,ＣＡＴ,99,B585F02P,3 - 普通,6 ～ 10,2025年07月,１．６Ｔエクスクルーシブ,1600,8.6,黒,AC AW SR
シトロエン,Ｃ３ 5D 2WD,2011,ＡＴ,84,A55F01,5 - すごくきれい,4 ～ 8,2025年07月,エクスクルーシブ,1600,,黒,AC AW
シトロエン,Ｃ３ 2WD,2017,ＡＴ,64,A5HM01,4 - きれい,17 ～ 22,2025年07月,,1200,,青,AC AW
シトロエン,ベルランゴ 5D 2WD,2021,ＡＴ,50,K9CYH01,4 - きれい,174 ～ 177,2025年07月,シャイン,1500,9.1,ベージュ,AC AW
シトロエン,ＤＳ３ 3D 2WD,2013,ＡＴ,43,A5C5F01,4 - きれい,9 ～ 13,2025年07月,シック ウルトラプレステージ,1600,9.1,,AC AW
シトロエン,Ｃ４ ピカソ 5D 2WD,2016,ＡＴ,47,B785G01,4 - きれい,24 ～ 30,2025年07月,エクスクルーシブ,1600,,ワイン,AC AW SR
シトロエン,Ｃ４ 5D 2WD,2012,ＡＴ,65,B75F01,4 - きれい,7 ～ 10,2025年07月,セダクション,1600,,青,AC
シトロエン,グランドＣ４ スペースツアラー 5D 2WD,2020,ＣＡＴ,91,B787AH01,4 - きれい,84 ～ 89,2025年07月,シャイン ブルーＨＤｉ,2000,,,AC AW SR
シトロエン,ベルランゴ 5D 2WD,2022,ＡＴ,25,K9CYH01,5 - すごくきれい,203 ～ 207,2025年07月,シャイン ＸＴＲ パック,1500,7.10,白,AC AW SR
シトロエン,ＤＳ３ 2WD,2012,６ＭＴ,28,A5C5F04,4 - きれい,136 ～ 142,2025年07月,黒II,1600,8.4,,AC AW 革
シトロエン,Ｃ４ ピカソ 5D 2WD,2017,ＣＡＴ,48,B78AH01,4 - きれい,64 ～ 68,2025年07月,シャイン ブルーＨＤｉ,2000,8.12,ベージュ,AC AW SR
シトロエン,Ｃ３ エアクロス 5D 2WD,2022,ＡＴ,30,A8YH01,5 - すごくきれい,204 ～ 209,2025年07月,シャイン ブルーＨＤｉ,1500,,,AC NV TV AW SR 革
シトロエン,Ｃ５エアクロス 2WD,2021,ＡＴ,46,C84AH01,5 - すごくきれい,178 ～ 182,2025年07月,青II,2000,8.12,,AC NV TV AW SR
シトロエン,ベルランゴ 5D 2WD,2022,ＡＴ,31,K9CYH01,5 - すごくきれい,239 ～ 243,2025年07月,シャイン,1500,9.3,ベージュ,AC AW SR
シトロエン,ベルランゴ 5D 2WD,2021,ＡＴ,37,K9CYH01,5 - すごくきれい,222 ～ 226,2025年07月,シャイン,1500,8.9,ベージュ,AC AW SR
シトロエン,Ｃ３ 5D 2WD,2018,ＡＴ,54,B6HN01,4 - きれい,40 ～ 44,2025年07月,コロラドエディション,1200,7.7,,AC NV TV AW 革
シトロエン,グランドＣ４ ピカソ 5D 2WD,2015,ＣＡＴ,77,B7875G01,3 - 普通,14 ～ 19,2025年07月,セダクション,1600,,茶,AC NV TV AW SR
シトロエン,グランドＣ４ ピカソ 5D 2WD,2018,ＣＡＴ,48,B787AH01,4 - きれい,86 ～ 90,2025年07月,シャイン ブルーＨＤｉ,2000,,白,AC
シトロエン,ベルランゴ 5D 2WD,2020,ＡＴ,39,K9CYH01,5 - すごくきれい,212 ～ 215,2025年07月,シャイン,1500,7.10,白,AC NV TV AW SR
シトロエン,Ｃ３ エアクロス 5D 2WD,2020,ＡＴ,116,A8HN05,4 - きれい,44 ～ 50,2025年07月,シャインパッケージ,1200,,グレー,AC AW SR
シトロエン,Ｃ６ 4D 2WD,2007,ＡＴ,54,X6XFV,4 - きれい,74 ～ 78,2025年07月,エクスクルーシブ,3000,8.11,青,AC NV TV AW SR 革
シトロエン,Ｃ３ エアクロス 5D 2WD,2023,ＡＴ,14,A8YH01,5 - すごくきれい,209 ～ 211,2025年07月,シャインパック ブルーＨＤｉ,1500,,,AC NV TV AW SR 革
シトロエン,グランドＣ４ ピカソ 5D 2WD,2018,ＣＡＴ,81,B787AH01,-1 - 修復歴あり,26 ～ 32,2025年07月,ワイルドブルー,2000,,ベージュ,AC AW SR
シトロエン,Ｃ３ 5D 2WD,2022,ＡＴ,26,B6HN05,5 - すごくきれい,125 ～ 130,2025年07月,シャイン,1200,8.12,,AC AW
シトロエン,Ｃ３ 5D 2WD,2018,ＡＴ,28,B6HN01,5 - すごくきれい,85 ～ 90,2025年07月,エル,1200,,,AC NV TV AW
シトロエン,ベルランゴ 5D 2WD,2023,ＡＴ,8,K9CYH01,5 - すごくきれい,259 ～ 261,2025年07月,トリコ,1500,8.5,,AC AW SR
シトロエン,Ｃ３ 2WD,2018,ＡＴ,67,B6HN01,4 - きれい,38 ～ 42,2025年07月,シルバーII,1200,,,AC
シトロエン,Ｃ３ 5D 2WD,2015,ＡＴ,41,A5HM01,5 - すごくきれい,8 ～ 12,2025年07月,セダクション レザー,1200,,赤,AC 革
シトロエン,Ｃ３ 5D 2WD,2020,ＡＴ,62,B6HN05,4 - きれい,60 ～ 62,2025年07月,ベージュII,1200,,,AC AW
シトロエン,ベルランゴ 5D 2WD,2020,ＡＴ,53,5 - すごくきれい,194 ～ 197,nan,2025年07月,デビューエディション,1500,,ベージュ,AC AW SR
シトロエン,グランドＣ４ ピカソ 5D 2WD,2014,ＡＴ,68,B7875G01,3 - 普通,8 ～ 12,2025年07月,エクスクルーシブ,1600,7.12,黒,AC NV TV AW 革
シトロエン,ＤＳ３ 2WD,2012,ＡＴ,115,A5C5F01,3 - 普通,5 ～ 9,2025年07月,,1600,,,NV TV
シトロエン,Ｃ４ ピカソ 5D 2WD,2016,ＡＴ,75,B785G01,-1 - 修復歴あり,12 ～ 16,2025年07月,エクスクルーシブ,1600,,白,AC SR
シトロエン,Ｃ３ 5D 2WD,2012,ＡＴ,80,A55F01,3 - 普通,5 ～ 9,2025年07月,セダクション,1600,8.3,青,AC AW
シトロエン,Ｃ３ エアクロス 5D 2WD,2023,ＡＴ,8,A8YH01,5 - すごくきれい,237 ～ 243,2025年07月,シャインパック ブルーＨＤｉ,1500,8.5,,AC NV TV AW SR 革
シトロエン,Ｃ３ エアクロス 5D 2WD,2020,ＡＴ,45,A8HN05,4 - きれい,74 ～ 79,2025年07月,グレーII,1200,,,AC AW
シトロエン,Ｃ３ 5D 2WD,2019,ＡＴ,32,B6HN01,5 - すごくきれい,92 ～ 94,2025年07月,オリジンズ,1200,9.1,シルバー,AC AW
シトロエン,ＤＳ３ 3D 2WD,2012,ＡＴ,101,A5C5F01,3 - 普通,2 ～ 5,2025年07月,シック,1600,,,AC AW
シトロエン,Ｃ３ 5D 2WD,2016,ＡＴ,55,A5HM01,4 - きれい,13 ～ 17,2025年07月,フィール,1200,,黒,AC AW 革
シトロエン,Ｃ３ 5D 2WD,2020,ＡＴ,82,B6HN05,-1 - 修復歴あり,35 ～ 40,2025年07月,シャイン,1200,,緑,AC AW
シトロエン,Ｃ４ 5D 2WD,2017,ＡＴ,84,B7HN02,5 - すごくきれい,15 ～ 21,2025年07月,シャイン,1200,8.8,パール,AC
シトロエン,Ｃ４ ピカソ 2WD,2012,ＣＡＴ,55,B585F02P,3 - 普通,4 ～ 7,2025年07月,,1600,,黒,AC
シトロエン,Ｃ３ 5D 2WD,2018,ＡＴ,34,B6HN01,-1 - 修復歴あり,34 ～ 38,2025年07月,シャイン,1200,,青,AC NV TV AW SR 革
シトロエン,ＤＳ３ 3D 2WD,2010,６ＭＴ,103,A5C5F04,4 - きれい,5 ～ 9,2025年07月,スポーツシック,1600,8.8,,AC AW
シトロエン,グランドＣ４ スペースツアラー 5D 2WD,2019,ＣＡＴ,45,B787AH01,4 - きれい,98 ～ 102,2025年07月,シャイン ブルーＨＤｉ,2000,8.6,ベージュ,AC NV TV SR
シトロエン,Ｃ４ ピカソ 5D 2WD,2011,ＣＡＴ,116,B585F02P,4 - きれい,8 ～ 10,2025年07月,１．６Ｔエクスクルーシブ,1600,8.8,,AC
シトロエン,ベルランゴ 5D 2WD,2021,ＡＴ,23,K9CYH01,5 - すごくきれい,235 ～ 239,2025年07月,シャイン,1500,8.1,ベージュ,AC AW SR
シトロエン,Ｃ５エアクロス 5D 2WD,2020,ＡＴ,75,C84AH01,4 - きれい,86 ～ 90,2025年07月,シャイン,2000,7.7,パール,AC AW 革
シトロエン,Ｃ３ 5D 2WD,2010,ＡＴ,79,A55F01,3 - 普通,6 ～ 9,2025年07月,ベースグレード,1600,,,AC AW
シトロエン,Ｃ３ 2WD,2016,ＡＴ,105,A5HM01,3 - 普通,6 ～ 9,2025年07月,,1200,,パール,AC AW
シトロエン,Ｃ３ 2WD,2016,ＡＴ,36,A5HM01,3 - 普通,6 ～ 10,2025年07月,,1200,,,AC NV TV AW 革
シトロエン,Ｃ３ 5D 2WD,2021,ＡＴ,28,B6HN05,5 - すごくきれい,114 ～ 118,2025年07月,シャイン,1200,,,AC AW
シトロエン,Ｃ４ ピカソ 2WD,2008,ＣＡＴ,193,B58RFJP,3 - 普通,3 ～ 7,2025年07月,,2000,,黒,AC SR
シトロエン,Ｃ３ 5D 2WD,2014,ＡＴ,43,A5HM01,4 - きれい,9 ～ 13,2025年07月,レザーエディション,1200,,ワイン,AC NV TV AW 革
シトロエン,Ｃ３ 5D 2WD,2016,ＡＴ,59,A5HM01,3 - 普通,13 ～ 16,2025年07月,セダクション,1200,9.4,パール,AC AW SR
シトロエン,Ｃ３ 5D 2WD,2020,ＡＴ,55,B6HN05,-1 - 修復歴あり,42 ～ 45,2025年07月,カラメルエディション,1200,,,AC AW SR
シトロエン,Ｃ４ ピカソ 5D 2WD,2007,ＣＡＴ,286,B58RFJP,3 - 普通,4 ～ 8,2025年07月,２．０エクスクルーシブ,2000,,ワイン,AC
シトロエン,Ｃ３ 5D 2WD,2013,ＡＴ,96,A55F01,3 - 普通,6 ～ 12,2025年07月,セダクション,1600,8.12,紺,AC NV TV AW
シトロエン,Ｃ３ 5D 2WD,2018,ＡＴ,56,B6HN01,5 - すごくきれい,60 ～ 66,2025年07月,カフェエディション,1200,7.4,,AC NV TV AW 革
シトロエン,Ｃ３ 5D 2WD,2018,ＡＴ,30,B6HN01,5 - すごくきれい,73 ～ 78,2025年07月,シャイン デビューエディション,1200,,白,AC NV TV AW
シトロエン,グランドＣ４ ピカソ 5D 2WD,2018,ＣＡＴ,176,B787AH01,-1 - 修復歴あり,22 ～ 24,2025年07月,デューン ベージュ,2000,9.1,ベージュ,AW SR
シトロエン,Ｃ３ 5D 2WD,2020,ＡＴ,28,B6HN05,5 - すごくきれい,111 ～ 115,2025年07月,インスパイアード バイ ジャパン コレクション,1200,,,AC AW 革
シトロエン,Ｃ３ 5D 2WD,2020,ＡＴ,68,B6HN05,5 - すごくきれい,51 ～ 57,2025年07月,フィール,1200,,白,AC AW SR
シトロエン,グランドＣ４ スペースツアラー 5D 2WD,2020,ＡＴ,73,B787AH01,4 - きれい,63 ～ 66,2025年07月,シャイン ブルーＨＤｉ,2000,8.12,青,AC NV TV AW SR
シトロエン,グランドＣ４ ピカソ 5D 2WD,2017,ＣＡＴ,92,B787AH01,5 - すごくきれい,73 ～ 75,2025年07月,フィール ブルーＨＤｉ,2000,,ベージュ,AC NV TV AW SR
シトロエン,Ｃ３ 2WD,2020,ＡＴ,45,B6HN01,5 - すごくきれい,62 ～ 66,2025年07月,,1200,,白,AC
シトロエン,ベルランゴ 5D 2WD,2022,ＡＴ,28,K9CYH01,3 - 普通,202 ～ 206,2025年07月,シャイン,1500,7.12,ベージュ,AC
シトロエン,ベルランゴ 5D 2WD,2022,ＡＴ,21,K9CYH01,-1 - 修復歴あり,179 ～ 181,2025年07月,シャイン ＸＴＲ パック,1500,,ベージュ,AC AW SR
シトロエン,Ｃ５ 2WD,2009,ＡＴ,84,X7XFV,4 - きれい,10 ～ 12,2025年07月,,3000,,シルバー,AC AW SR
シトロエン,Ｃ３ 5D 2WD,2016,ＡＴ,30,A5HM01,4 - きれい,11 ～ 16,2025年07月,セダクション レザー,1200,,青,AC NV TV AW 革
シトロエン,Ｃ３ 5D 2WD,2022,ＡＴ,9,B6HN05,-1 - 修復歴あり,91 ～ 94,2025年07月,シャイン,1200,,,AC AW
シトロエン,ベルランゴ 2WD,2023,ＡＴ,23,K9CYH01,5 - すごくきれい,263 ～ 267,2025年07月,,1500,8.3,グレー,AC AW
シトロエン,Ｃ３ 5D 2WD,2017,ＡＴ,41,A5HM01,5 - すごくきれい,16 ～ 20,2025年07月,セダクション レザー,1200,8.3,赤,AC AW 革
シトロエン,Ｃ３ 5D 2WD,2022,ＡＴ,26,B6HN05,5 - すごくきれい,110 ～ 114,2025年07月,シャイン,1200,8.12,,AC AW
シトロエン,Ｃ３ エアクロス 5D 2WD,2020,ＡＴ,65,A8HN05,4 - きれい,58 ～ 62,2025年07月,フィール,1200,,ベージュ,AC
シトロエン,Ｃ３ エアクロス 5D 2WD,2020,ＡＴ,49,A8HN05,5 - すごくきれい,100 ～ 104,2025年07月,シャインパッケージ,1200,,,AC AW SR
シトロエン,ベルランゴ 5D 2WD,2024,ＡＴ,7,K9CYH01L,5 - すごくきれい,295 ～ 300,2025年07月,ロング マックス ブルーＨＤｉ,1500,9.3,青,AC AW
シトロエン,Ｃ３ 5D 2WD,2017,ＡＴ,59,B6HN01,4 - きれい,45 ～ 48,2025年07月,フィール,1200,8.12,緑,AC NV TV AW
シトロエン,Ｃ３ 5D 2WD,2024,ＡＴ,1,B6HN05,5 - すごくきれい,204 ～ 209,2025年07月,エディション・ノアール,1200,9.11,黒,AC AW 革
シトロエン,ベルランゴ 5D 2WD,2020,ＡＴ,85,K9CYH01,5 - すごくきれい,140 ～ 143,2025年07月,シャイン,1500,8.1,白,AC AW SR
シトロエン,Ｃ５エアクロス 2WD,2023,ＡＴ,17,C84AH01,5 - すごくきれい,260 ～ 265,2025年07月,,2000,8.2,パール,AC AW SR 革
シトロエン,グランドＣ４ ピカソ 5D 2WD,2015,ＡＴ,88,B7875G01,4 - きれい,19 ～ 23,2025年07月,エクスクルーシブ,1600,8.5,白,AC NV TV AW
シトロエン,Ｃ４ 5D 2WD,2016,ＡＴ,68,B7HN02,4 - きれい,11 ～ 17,2025年07月,セダクション アップグレードパッケージ,1200,,茶,AC AW SR
シトロエン,ＤＳ４ 5D 2WD,2012,ＡＴ,169,B7C5F02S,3 - 普通,7 ～ 9,2025年07月,,1600,,茶,AC AW 革
シトロエン,Ｅ－Ｃ４ 5D 2WD,2022,ＡＴ,15,C41ZK01,4 - きれい,149 ～ 153,2025年07月,,,9.4,青,000 AC NV TV AW SR 革
シトロエン,Ｃ３ エアクロス 5D 2WD,2021,ＡＴ,16,A8HN05,5 - すごくきれい,137 ～ 141,2025年07月,キュイール,1200,8.11,ベージュ,AC AW SR 革
シトロエン,Ｃ３ 5D 2WD,2018,ＡＴ,47,B6HN01,5 - すごくきれい,63 ～ 67,2025年07月,シャイン,1200,,青,AC AW
シトロエン,ＤＳ３ 3D 2WD,2010,６ＭＴ,71,A5C5F04,4 - きれい,11 ～ 15,2025年07月,スポーツシック,1600,7.11,黄,AC AW
シトロエン,Ｃ５エアクロス 5D 2WD,2020,ＡＴ,21,C845G06,5 - すごくきれい,160 ～ 166,2025年07月,シャイン,1600,7.6,緑,AC AW 革
シトロエン,グランドＣ４ ピカソ 5D 2WD,2018,ＣＡＴ,20,B787AH01,5 - すごくきれい,98 ～ 102,2025年07月,シャイン ブルーＨＤｉ,2000,7.9,赤,AC AW SR
シトロエン,Ｃ３ エアクロス 5D 2WD,2021,ＡＴ,15,A8HN05,5 - すごくきれい,119 ～ 124,2025年07月,キュイール,1200,8.7,白,AC AW SR 革
シトロエン,ＤＳ４ 5D 2WD,2012,６ＭＴ,54,B7C5F03S,3 - 普通,9 ～ 13,2025年07月,スポーツシック,1600,,グレー,AC 革
シトロエン,Ｃ３ 5D 2WD,2018,ＡＴ,20,B6HN01,5 - すごくきれい,64 ～ 67,2025年07月,フィール,1200,,白,AC AW
シトロエン,Ｃ４ 2WD,2008,ＡＴ,43,B5NFU,3 - 普通,11 ～ 14,2025年07月,,1600,,グレー,AC
シトロエン,ベルランゴ 5D 2WD,2021,ＡＴ,42,K9CYH01,4 - きれい,196 ～ 199,2025年07月,シャイン ＸＴＲ パック,1500,8.10,白,AC NV TV AW SR
シトロエン,ベルランゴ 5D 2WD,2023,ＡＴ,1,K9CYH01,5 - すごくきれい,269 ～ 275,2025年07月,トリコ,1500,8.1,グレー,AC SR
シトロエン,ベルランゴ 5D 2WD,2021,ＡＴ,27,K9CYH01,5 - すごくきれい,230 ～ 233,2025年07月,シャイン,1500,8.8,ベージュ,AC NV TV AW SR
シトロエン,Ｃ３ 5D 2WD,2017,ＡＴ,55,B6HN01,3 - 普通,26 ～ 31,2025年07月,フィール,1200,,オレンジ,AC NV TV AW
シトロエン,Ｃ４ 5D 2WD,2022,ＡＴ,87,C41YH01,5 - すごくきれい,95 ～ 100,2025年07月,シャイン ブルーＨＤｉ,1500,,グレー,AC SR 革
シトロエン,Ｃ３ 2WD,2014,ＡＴ,101,A5HM01,3 - 普通,0 ～ 6,2025年07月,,1200,,パール,AC NV TV AW 革
シトロエン,Ｃ３ 5D 2WD,2020,ＡＴ,71,B6HN05,5 - すごくきれい,52 ～ 55,2025年07月,シャイン,1200,,,AC AW
シトロエン,Ｃ４ 2WD,2008,ＡＴ,75,B5NFU,3 - 普通,12 ～ 16,2025年07月,,1600,,,AC
シトロエン,グランドＣ４ ピカソ 5D 2WD,2015,ＣＡＴ,60,B7875G01,3 - 普通,12 ～ 18,2025年07月,エクスクルーシブ,1600,8.11,,AC AW SR
シトロエン,Ｃ５ Ｘ 5D 2WD,2023,ＡＴ,6,E435G06,5 - すごくきれい,292 ～ 295,2025年07月,シャインパック,1600,8.8,グレー,AC NV TV AW SR 革
シトロエン,Ｃ３ 5D 2WD,2014,ＡＴ,46,A5HM01,4 - きれい,4 ～ 9,2025年07月,セダクション,1200,,パール,AC AW
シトロエン,ＤＳ３ 3D 2WD,2013,６ＭＴ,58,A5C5F02,4 - きれい,23 ～ 28,2025年07月,スポーツシック,1600,8.2,,AC AW
シトロエン,Ｃ３ 5D 2WD,2011,ＡＴ,74,A55F01,4 - きれい,4 ～ 9,2025年07月,ライトブルー,1600,,,AC AW
シトロエン,Ｃ３ 2WD,2016,ＡＴ,75,A5HM01,3 - 普通,9 ～ 14,2025年07月,,1200,9.5,パール,AC NV TV AW
シトロエン,ＤＳ５ 5D 2WD,2012,ＡＴ,105,B85F02,3 - 普通,6 ～ 10,2025年07月,,1600,,黒,AC AW SR 革
シトロエン,Ｃ５ 4D 2WD,2012,ＡＴ,104,X75F02,4 - きれい,6 ～ 10,2025年07月,セダクション リミテッドスタイル,1600,,白,AC
シトロエン,ＤＳ３ 2WD,2014,ＡＴ,66,A5C5F01,3 - 普通,6 ～ 10,2025年07月,パープルII,1600,,,AC AW 革
シトロエン,グランドＣ４ スペースツアラー 5D 2WD,2020,ＡＴ,109,B787AH01,4 - きれい,77 ～ 81,2025年07月,シャイン ブルーＨＤｉ,2000,,白,AC AW
シトロエン,Ｃ３ 5D 2WD,2014,ＡＴ,57,A5HM01,4 - きれい,3 ～ 9,2025年07月,レザーエディション,1200,,赤,AC AW 革
シトロエン,グランドＣ４ ピカソ 5D 2WD,2015,ＡＴ,37,B7875G01,4 - きれい,38 ～ 43,2025年07月,エクスクルーシブ,1600,8.9,,AC NV TV AW
シトロエン,Ｃ３ 5D 2WD,2017,ＡＴ,88,B6HN01,3 - 普通,19 ～ 22,2025年07月,シャイン デビューエディション,1200,8.8,,AC NV TV
シトロエン,Ｃ３ 5D 2WD,2018,ＡＴ,32,B6HN01,-1 - 修復歴あり,25 ～ 31,2025年07月,シャイン,1200,,,AC NV TV AW SR
シトロエン,Ｃ３ 5D 2WD,2018,ＡＴ,54,B6HN01,-1 - 修復歴あり,34 ～ 36,2025年07月,シャイン,1200,,,AC NV TV AW
シトロエン,Ｃ３ 5D 2WD,2022,ＡＴ,18,B6HN05,5 - すごくきれい,133 ～ 139,2025年07月,シャイン,1200,8.2,,AC AW
シトロエン,Ｃ５ Ｘ 2WD,2023,ＡＴ,10,E435G06,4 - きれい,253 ～ 258,2025年07月,グレーII,1600,,,AC NV TV AW SR
シトロエン,Ｃ３ 5D 2WD,2012,ＡＴ,996,A55F01,3 - 普通,5 ～ 8,2025年07月,レザーエディション,1600,,,AC NV TV AW 革
シトロエン,Ｃ３ 5D 2WD,2012,ＡＴ,67,A55F01,3 - 普通,6 ～ 10,2025年07月,エクスクルーシブ,1600,,,AC AW 革
シトロエン,Ｃ４ 5D 2WD,2016,ＡＴ,60,B7BH01,4 - きれい,18 ～ 21,2025年06月,フィール ブルーＨＤｉ,1600,,白,AC AW
シトロエン,ＤＳ３ 3D 2WD,2011,ＡＴ,142,A5C5F01,4 - きれい,3 ～ 8,2025年06月,シック エディション ブラン,1600,8.6,白,AC AW
シトロエン,グランドＣ４ ピカソ 5D 2WD,2018,ＣＡＴ,72,B787AH01,4 - きれい,71 ～ 76,2025年06月,デューン ベージュ,2000,,白,AC SR
シトロエン,Ｃ３ 2WD,2017,ＡＴ,65,B6HN01,3 - 普通,14 ～ 20,2025年06月,白II,1200,,,AC NV TV AW
シトロエン,Ｃ５ 5D 2WD,2011,ＡＴ,72,X75F02,3 - 普通,7 ～ 12,2025年06月,ツアラー セダクション,1600,,白,AC AW SR
シトロエン,Ｃ３ 5D 2WD,2018,ＡＴ,58,B6HN01,5 - すごくきれい,54 ～ 59,2025年06月,シャイン,1200,8.3,,AC NV TV AW
シトロエン,ベルランゴ 5D 2WD,2022,ＡＴ,27,K9CYH01,5 - すごくきれい,262 ～ 266,2025年06月,シャイン,1500,7.10,ベージュ,AC AW SR
シトロエン,エグザンティア 5D 2WD,1998,ＡＴ,106,X2RF,4 - きれい,26 ～ 29,2025年06月,ＳＸ,2000,,,AC NV TV AW SR 革
シトロエン,グランドＣ４ ピカソ 5D 2WD,2017,ＣＡＴ,102,B787AH01,4 - きれい,22 ～ 24,2025年06月,シャイン ブルーＨＤｉ,2000,,ベージュ,AC AW
シトロエン,Ｃ４ ピカソ 5D 2WD,2017,ＣＡＴ,157,B78AH01,3 - 普通,21 ～ 26,2025年06月,シャイン ブルーＨＤｉ,2000,8.2,青,AC NV TV AW SR 革
シトロエン,ベルランゴ 5D 2WD,2022,ＡＴ,48,K9CYH01,5 - すごくきれい,187 ～ 193,2025年06月,シャイン,1500,,青,AC NV TV AW SR 革
シトロエン,Ｃ３ 5D 2WD,2018,ＡＴ,38,B6HN01,5 - すごくきれい,71 ～ 75,2025年06月,カフェエディション,1200,7.9,,AC NV TV AW
シトロエン,Ｃ３ 5D 2WD,2019,ＡＴ,75,B6HN01,3 - 普通,38 ～ 44,2025年06月,シャイン,1200,,,AC NV TV AW SR 革
シトロエン,Ｃ４ ピカソ 5D 2WD,2015,ＡＴ,94,B785G01,3 - 普通,18 ～ 22,2025年06月,エクスクルーシブ,1600,8.6,白,AC NV TV AW SR 革
シトロエン,Ｃ３ エアクロス 5D 2WD,2020,ＡＴ,26,A8HN05,5 - すごくきれい,120 ～ 124,2025年06月,ベージュII,1200,,,AC NV TV AW SR 革
シトロエン,ベルランゴ 5D 2WD,2021,ＡＴ,37,K9CYH01,5 - すごくきれい,230 ～ 233,2025年06月,シャイン ＸＴＲ パック,1500,8.12,ベージュ,AC AW SR
シトロエン,Ｃ４ 5D 2WD,2016,ＡＴ,24,B7HN02,4 - きれい,6 ～ 10,2025年06月,セダクション アップグレードパッケージ,1200,7.9,黒,AC AW
シトロエン,ベルランゴ 5D 2WD,2021,ＡＴ,31,K9CYH01,5 - すごくきれい,235 ～ 237,2025年06月,シャイン,1500,8.8,ベージュ,AC AW SR
シトロエン,グランドＣ４ スペースツアラー 5D 2WD,2020,ＣＡＴ,141,B787AH01,4 - きれい,40 ～ 44,2025年06月,シャイン ブルーＨＤｉ,2000,9.1,ベージュ,AC NV TV AW SR 革
シトロエン,Ｃ３ エアクロス 5D 2WD,2021,ＡＴ,27,A8HN05,5 - すごくきれい,119 ～ 125,2025年06月,サーフエディション・バイ・リップカール,1200,8.7,グレー,AC NV TV AW
シトロエン,ＤＳ５ 5D 2WD,2012,ＡＴ,123,B85F02,3 - 普通,3 ～ 7,2025年06月,シック,1600,,グレー,AC NV TV AW SR 革
シトロエン,Ｃ４ 5D 2WD,2016,ＡＴ,59,B7BH01,3 - 普通,13 ～ 17,2025年06月,フィール ブルーＨＤｉ,1600,,白,AC NV TV AW SR 革
シトロエン,Ｅ－Ｃ４ 5D 2WD,2022,ＡＴ,11,C41ZK01,5 - すごくきれい,174 ～ 180,2025年06月,シャイン,,7.9,青,000 AC NV TV AW SR 革
シトロエン,Ｃ３ 2WD,2017,ＡＴ,111,B6HN01,4 - きれい,16 ～ 20,2025年06月,,1200,,赤,AC
シトロエン,ＤＳ３ 3D 2WD,2012,ＡＴ,155,A5C5F01,3 - 普通,3 ～ 9,2025年06月,シック ウルトラプレステージ,1600,7.10,茶,AC NV TV AW SR 革
シトロエン,Ｃ３ 5D 2WD,2016,ＡＴ,99,A5HM01,4 - きれい,7 ～ 9,2025年06月,セダクション レザー,1200,,緑,AC AW 革
シトロエン,Ｃ３ 5D 2WD,2018,ＡＴ,26,B6HN01,5 - すごくきれい,83 ～ 87,2025年06月,シャイン,1200,,,AC AW
シトロエン,グランドＣ４ ピカソ 5D 2WD,2014,ＡＴ,26,B7875G01,5 - すごくきれい,19 ～ 22,2025年06月,エクスクルーシブ,1600,,,AC NV TV AW SR
シトロエン,ベルランゴ 5D 2WD,2020,ＡＴ,32,K9CYH01,5 - すごくきれい,225 ～ 231,2025年06月,シャイン,1500,7.10,緑,AC AW SR
シトロエン,ベルランゴ 2WD,2023,ＡＴ,43,K9CYH01L,5 - すごくきれい,248 ～ 254,2025年06月,,1500,8.6,白,AC
シトロエン,ベルランゴ 5D 2WD,2020,ＡＴ,37,K9CYH01,5 - すごくきれい,211 ～ 215,2025年06月,シャイン,1500,7.10,白,AC NV TV AW SR
シトロエン,グランドＣ４ ピカソ 5D 2WD,2015,ＣＡＴ,55,B7875G01,4 - きれい,32 ～ 35,2025年06月,エクスクルーシブ,1600,8.1,赤,AC NV TV AW SR 革
シトロエン,Ｃ３ 5D 2WD,2020,ＡＴ,26,B6HN05,5 - すごくきれい,73 ～ 77,2025年06月,シャイン,1200,,,AC AW
シトロエン,ベルランゴ 5D 2WD,2021,ＡＴ,57,K9CYH01,5 - すごくきれい,194 ～ 198,2025年06月,シャイン,1500,8.11,ベージュ,AC AW SR
シトロエン,Ｃ３ エアクロス 5D 2WD,2020,ＡＴ,17,A8HN05,4 - きれい,88 ～ 92,2025年06月,シャイン,1200,9.6,,AC AW 革
シトロエン,Ｃ３ 5D 2WD,2013,ＡＴ,38,A55F01,5 - すごくきれい,13 ～ 17,2025年06月,エクスクルーシブ,1600,8.1,白,AC
シトロエン,Ｃ５ Ｘ 5D 2WD,2023,ＡＴ,5,E435G06,5 - すごくきれい,296 ～ 301,2025年06月,シャインパック,1600,8.4,黒,AC NV TV AW SR 革
シトロエン,ベルランゴ 5D 2WD,2020,ＡＴ,38,K9CYH01,5 - すごくきれい,202 ～ 207,2025年06月,シャイン,1500,8.2,ベージュ,AC AW SR
シトロエン,Ｃ４ 5D 2WD,2011,ＡＴ,66,B75F02S,4 - きれい,8 ～ 12,2025年06月,エクスクルーシブ,1600,,白,AC AW
シトロエン,Ｃ４ ピカソ 2WD,2012,ＣＡＴ,55,B585F02P,3 - 普通,6 ～ 10,2025年06月,,1600,,黒,AC
シトロエン,ＤＳ３ 3D 2WD,2013,ＡＴ,97,A5C5F01,4 - きれい,7 ～ 9,2025年06月,シック,1600,8.5,,AC NV TV AW SR 革
シトロエン,ＤＳ５ 2WD,2013,ＡＴ,81,B85F02,3 - 普通,9 ～ 12,2025年06月,茶Ｍ,1600,,,AC NV TV AW SR 革
シトロエン,ＤＳ５ 5D 2WD,2012,ＡＴ,86,B85F02,4 - きれい,7 ～ 13,2025年06月,シック,1600,,グレー,AC NV TV AW SR 革
シトロエン,Ｃ３ 5D 2WD,2020,ＡＴ,49,B6HN05,5 - すごくきれい,79 ～ 82,2025年06月,インスパイアード バイ ジャパン コレクション,1200,7.8,,AC AW
シトロエン,ベルランゴ 2WD,2020,ＡＴ,69,4 - きれい,142 ～ 147,nan,2025年06月,,1500,,ベージュ,AC AW SR
シトロエン,Ｃ３ 2WD,2018,ＡＴ,22,B6HN01,5 - すごくきれい,84 ～ 88,2025年06月,白II,1200,,,AC NV TV
シトロエン,Ｃ４ ピカソ 2WD,2015,ＣＡＴ,94,B785G01,4 - きれい,16 ～ 22,2025年06月,,1600,,赤,AC AW
シトロエン,Ｃ３ 5D 2WD,2010,ＡＴ,81,A55F01,4 - きれい,5 ～ 8,2025年06月,エクスクルーシブ,1600,,ベージュ,AC AW
シトロエン,Ｃ４ ピカソ 2WD,2017,ＣＡＴ,159,B78AH01,3 - 普通,16 ～ 20,2025年06月,,2000,7.12,紺,AC AW
シトロエン,Ｃ３ 5D 2WD,2017,ＡＴ,98,B6HN01,5 - すごくきれい,25 ～ 28,2025年06月,シャイン,1200,,白,AC NV TV
シトロエン,ベルランゴ 5D 2WD,2022,ＡＴ,34,K9CYH01,5 - すごくきれい,210 ～ 212,2025年06月,シャイン,1500,9.1,白,AC AW SR
シトロエン,Ｃ３ 2WD,2012,ＡＴ,78,A55F01,-1 - 修復歴あり,5 ～ 10,2025年06月,,1600,,青,AC
シトロエン,Ｃ３ 5D 2WD,2015,ＡＴ,76,A5HM01,5 - すごくきれい,7 ～ 10,2025年06月,レザーエディション,1200,,青,AC AW 革
シトロエン,Ｃ４ 5D 2WD,2008,ＡＴ,89,B5NFU,3 - 普通,11 ～ 14,2025年06月,1.6,1600,,青,AC SR
シトロエン,Ｃ５ 5D 2WD,2011,ＡＴ,104,X75F02,3 - 普通,4 ～ 7,2025年06月,ツアラー セダクション,1600,,パール,AC NV TV AW SR 革
シトロエン,Ｃ３ エアクロス 5D 2WD,2020,ＡＴ,65,A8HN05,4 - きれい,72 ～ 76,2025年06月,シャインパッケージ,1200,,茶,AC NV TV AW
シトロエン,Ｃ３ 5D 2WD,2010,ＡＴ,78,A55F01,3 - 普通,5 ～ 7,2025年06月,エクスクルーシブ,1600,,赤,AC NV TV AW
シトロエン,Ｃ３ 5D 2WD,2019,ＡＴ,49,B6HN01,4 - きれい,30 ～ 32,2025年06月,シャイン,1200,8.8,青,AC AW SR
シトロエン,エグザンティア 2WD,2000,ＡＴ,74,X2RF,3 - 普通,9 ～ 14,2025年06月,,2000,,シルバー,AC NV TV AW SR 革
シトロエン,グランドＣ４ ピカソ 5D 2WD,2016,ＡＴ,39,B7875G01,4 - きれい,27 ～ 33,2025年06月,１ｓｔアニバーサリー,1600,,ワイン,AC NV TV AW SR
シトロエン,ベルランゴ 5D 2WD,2021,ＡＴ,17,K9CYH01,5 - すごくきれい,238 ～ 242,2025年06月,シャイン,1500,8.10,ベージュ,AC AW SR
シトロエン,ベルランゴ 5D 2WD,2023,ＡＴ,16,K9CYH01L,5 - すごくきれい,285 ～ 290,2025年06月,ロング シャイン ブルーＨＤｉ ＸＴＲ パック,1500,8.9,グレー,AC AW
シトロエン,Ｃ３ 5D 2WD,2017,ＡＴ,13,B6HN01,5 - すごくきれい,53 ～ 58,2025年06月,シャイン,1200,,,AC NV TV AW
シトロエン,Ｃ３ 5D 2WD,2019,ＡＴ,47,B6HN01,5 - すごくきれい,67 ～ 70,2025年06月,シャイン,1200,7.12,,AC NV TV AW
シトロエン,Ｃ３ 5D 2WD,2018,ＡＴ,64,B6HN01,5 - すごくきれい,51 ～ 54,2025年06月,シャイン,1200,,,AC NV TV AW
シトロエン,ベルランゴ 2WD,2022,ＡＴ,32,K9CYH01,5 - すごくきれい,261 ～ 265,2025年06月,,1500,7.11,ベージュ,AC NV TV AW SR
シトロエン,ベルランゴ 5D 2WD,2021,ＡＴ,14,K9CYH01,5 - すごくきれい,253 ～ 256,2025年06月,シャイン,1500,8.8,ベージュ,AC AW SR
シトロエン,グランドＣ４ ピカソ 5D 2WD,2017,ＣＡＴ,43,B787AH01,4 - きれい,51 ～ 54,2025年06月,フィール ブルーＨＤｉ,2000,8.6,青,AC NV TV AW SR
シトロエン,Ｃ４ 2WD,2016,ＡＴ,71,B7HN02,-1 - 修復歴あり,18 ～ 20,2025年06月,,1200,7.12,ワイン,AC SR
シトロエン,ベルランゴ 5D 2WD,2021,ＡＴ,56,K9CYH01,4 - きれい,177 ～ 182,2025年06月,フィール,1500,8.6,白,AC
シトロエン,ベルランゴ 5D 2WD,2021,ＡＴ,36,K9CYH01,4 - きれい,186 ～ 189,2025年06月,シャイン,1500,8.4,ベージュ,AC AW SR
シトロエン,ベルランゴ 5D 2WD,2021,ＡＴ,28,K9CYH01,5 - すごくきれい,243 ～ 248,2025年06月,シャイン,1500,8.3,ベージュ,AC AW SR
シトロエン,Ｃ３ 2WD,2020,ＡＴ,78,B6HN05,-1 - 修復歴あり,19 ～ 23,2025年06月,緑II,1200,,,AC
シトロエン,ＤＳ３ 3D 2WD,2014,ＡＴ,98,A5C5F01,3 - 普通,4 ～ 8,2025年06月,シック レザー エディション,1600,,,AC AW SR 革
シトロエン,Ｃ３ 5D 2WD,2017,ＡＴ,42,B6HN01,5 - すごくきれい,47 ～ 51,2025年06月,オレンジII,1200,,,AC NV TV AW
シトロエン,グランドＣ４ ピカソ 5D 2WD,2017,ＣＡＴ,63,B787AH01,4 - きれい,62 ～ 66,2025年06月,シャイン ブルーＨＤｉ,2000,8.1,紺,AC NV TV AW SR
シトロエン,Ｃ３ 5D 2WD,2019,ＡＴ,64,B6HN01,4 - きれい,52 ～ 56,2025年06月,ワインII,1200,8.4,,AC AW SR
シトロエン,Ｃ３ エアクロス 5D 2WD,2021,ＡＴ,54,A8HN05,5 - すごくきれい,96 ～ 99,2025年06月,シャイン,1200,8.3,ベージュ,AC NV TV AW
シトロエン,Ｃ３ 5D 2WD,2015,ＡＴ,59,A5HM01,4 - きれい,5 ～ 10,2025年06月,セダクション,1200,,赤,AC AW
シトロエン,ベルランゴ 5D 2WD,2020,ＡＴ,41,5 - すごくきれい,209 ～ 212,nan,2025年06月,デビューエディション,1500,,ベージュ,AC NV TV AW SR
シトロエン,ベルランゴ 5D 2WD,2021,ＡＴ,121,K9CYH01,4 - きれい,75 ～ 80,2025年06月,シャイン,1500,8.7,青,AC NV TV AW SR
シトロエン,Ｃ３ 5D 2WD,2017,ＡＴ,80,B6HN01,3 - 普通,22 ～ 27,2025年06月,シャイン デビューエディション,1200,8.6,,AC AW
シトロエン,Ｃ３ 5D 2WD,2018,ＡＴ,57,B6HN01,5 - すごくきれい,59 ～ 64,2025年06月,シャイン,1200,9.4,,AC NV TV AW
シトロエン,Ｃ３ エアクロス 2WD,2019,ＡＴ,41,A8HN05,4 - きれい,78 ～ 80,2025年06月,,1200,,オレンジ,AC NV TV AW SR 革
シトロエン,Ｃ４ 5D 2WD,2022,ＡＴ,39,C41YH01,5 - すごくきれい,151 ～ 153,2025年06月,シャイン ブルーＨＤｉ,1500,,青,AC AW SR 革
シトロエン,グランドＣ４ スペースツアラー 5D 2WD,2018,ＡＴ,39,B787AH01,3 - 普通,127 ～ 130,2025年06月,シャイン ブルーＨＤｉ,2000,,ベージュ,AC NV TV AW SR
シトロエン,Ｃ５ 2WD,2007,ＡＴ,49,X3RFJ,3 - 普通,4 ～ 8,2025年06月,,2000,,ゴールド,AC NV TV AW SR 革
シトロエン,Ｃ４ ピカソ 5D 2WD,2011,ＣＡＴ,68,B585F02P,4 - きれい,4 ～ 9,2025年06月,１．６Ｔエクスクルーシブ,1600,,グレー,AC
シトロエン,Ｃ５エアクロス 2WD,2019,ＡＴ,23,C84AH01,4 - きれい,158 ～ 161,2025年06月,,2000,,パール,AC NV TV AW SR 革
シトロエン,Ｃ３ 5D 2WD,2019,ＡＴ,16,B6HN01,5 - すごくきれい,102 ～ 105,2025年06月,オリジンズ,1200,,グレー,AC AW
シトロエン,Ｃ３ 5D 2WD,2019,ＡＴ,40,B6HN01,3 - 普通,52 ～ 55,2025年06月,ＪＣＣ＋,1200,8.3,,AC NV TV AW
シトロエン,ＤＳ３ 2WD,2010,ＡＴ,69,A5C5F01,4 - きれい,3 ～ 8,2025年06月,黄II,1600,,,AC AW 革
シトロエン,Ｃ６ 4D 2WD,2007,ＡＴ,75,X6XFV,5 - すごくきれい,47 ～ 53,2025年06月,エクスクルーシブ,3000,9.6,黒,AC NV TV AW SR 革
シトロエン,ＤＳ３ 3D 2WD,2010,６ＭＴ,47,A5C5F04,4 - きれい,32 ～ 36,2025年06月,スポーツシック,1600,,,AC AW SR 革
シトロエン,ＤＳ４ 5D 2WD,2014,ＡＴ,67,B7C5F06S,3 - 普通,3 ～ 8,2025年06月,シック,1600,8.1,パール,AC NV TV AW SR 革
シトロエン,サクソ 3D 2WD,2002,５ＭＴ,146,S8NFS,3 - 普通,25 ～ 30,2025年06月,ＶＴＳ,1600,,シルバー,AC NV TV AW SR 革
シトロエン,Ｃ３ 5D 2WD,2018,ＡＴ,73,B6HN01,4 - きれい,34 ～ 37,2025年06月,シャイン デビューエディション,1200,,,AC
シトロエン,Ｃ４ 2WD,2018,ＡＴ,32,B7BH01,4 - きれい,29 ～ 34,2025年06月,,1600,,パール,AC AW
シトロエン,Ｃ３ 2WD,2018,ＡＴ,120,B6HN01,3 - 普通,5 ～ 9,2025年06月,,1200,,緑,AC NV TV
シトロエン,ベルランゴ 5D 2WD,2022,ＡＴ,16,K9CYH01,5 - すごくきれい,264 ～ 268,2025年06月,シャイン,1500,,ベージュ,AC AW SR
シトロエン,ベルランゴ 5D 2WD,2022,ＡＴ,16,K9CYH01,5 - すごくきれい,255 ～ 261,2025年06月,シャイン ブルーＨＤｉ,1500,,ベージュ,AC AW SR
シトロエン,ベルランゴ 5D 2WD,2024,ＡＴ,8,K9CYH01L,5 - すごくきれい,283 ～ 285,2025年06月,ロング シャイン ブルーＨＤｉ,1500,9.7,紺,AC AW
シトロエン,ベルランゴ 5D 2WD,2020,ＡＴ,43,K9CYH01,5 - すごくきれい,221 ～ 226,2025年06月,シャイン ＸＴＲ パック,1500,7.12,ベージュ,AC NV TV AW SR
シトロエン,Ｃ３ 5D 2WD,2020,ＡＴ,44,B6HN05,5 - すごくきれい,102 ～ 107,2025年06月,インスパイアード バイ ジャパン コレクション,1200,7.9,ベージュ,AC AW
シトロエン,ベルランゴ 2WD,2020,ＡＴ,50,5 - すごくきれい,184 ～ 190,nan,2025年06月,,1500,,白,AC AW SR
シトロエン,ベルランゴ 5D 2WD,2022,ＡＴ,30,K9CYH01,5 - すごくきれい,243 ～ 247,2025年06月,シャイン,1500,,ベージュ,AC AW SR
シトロエン,Ｃ３ 2WD,2014,ＡＴ,42,A5HM01,3 - 普通,1 ～ 6,2025年06月,,1200,,赤,AC
シトロエン,ベルランゴ 5D 2WD,2023,ＡＴ,18,K9CYH01,5 - すごくきれい,284 ～ 287,2025年06月,エディション・ノアール,1500,8.5,黒,AC AW SR
シトロエン,Ｃ３ 5D 2WD,2018,ＡＴ,91,B6HN01,4 - きれい,25 ～ 27,2025年06月,シャイン,1200,,オレンジ,AC NV TV AW
シトロエン,Ｃ３ 5D 2WD,2020,ＡＴ,51,B6HN01,3 - 普通,43 ～ 48,2025年06月,フィール,1200,,白,AC
シトロエン,Ｃ３ 2WD,2018,ＡＴ,91,B6HN01,4 - きれい,28 ～ 30,2025年06月,,1200,,緑,AC
シトロエン,Ｃ３ エアクロス 5D 2WD,2019,ＡＴ,43,A8HN05,5 - すごくきれい,91 ～ 93,2025年06月,オリジンズ,1200,,,AC NV TV AW
シトロエン,Ｃ５エアクロス 2WD,2020,ＡＴ,40,C84AH01,5 - すごくきれい,166 ～ 169,2025年06月,,2000,,グレー,AC NV TV AW SR 革
シトロエン,Ｃ３ エアクロス 5D 2WD,2020,ＡＴ,62,A8HN05,5 - すごくきれい,61 ～ 67,2025年06月,ベージュII,1200,,,AC AW
シトロエン,Ｃ４ ピカソ 5D 2WD,2011,ＣＡＴ,115,B585F02P,3 - 普通,4 ～ 10,2025年06月,１．６Ｔエクスクルーシブ,1600,9.1,茶,AC SR
シトロエン,ベルランゴ 5D 2WD,2021,ＡＴ,23,K9CYH01,5 - すごくきれい,221 ～ 225,2025年06月,シャイン,1500,,ベージュ,AC AW SR
シトロエン,グランドＣ４ スペースツアラー 5D 2WD,2019,ＡＴ,37,B7875G06,5 - すごくきれい,138 ～ 143,2025年06月,,1600,9.1,黒,AC AW 革
シトロエン,Ｃ３ 5D 2WD,2012,ＡＴ,35,A55F01,3 - 普通,4 ～ 9,2025年06月,エクスクルーシブ,1600,,赤,AC AW
シトロエン,ベルランゴ 2WD,2021,ＡＴ,46,K9CYH01,5 - すごくきれい,208 ～ 213,2025年06月,,1500,8.2,白,AC AW SR
シトロエン,ＤＳ４ 5D 2WD,2011,ＡＴ,82,B7C5F02S,3 - 普通,7 ～ 13,2025年06月,シック,1600,,赤,AC AW SR 革
シトロエン,Ｃ４ 5D 2WD,2015,ＡＴ,47,B75F02,5 - すごくきれい,6 ～ 10,2025年06月,エクスクルーシブ,1600,8.8,赤,AC AW
シトロエン,Ｃ３ エアクロス 5D 2WD,2020,ＡＴ,40,A8HN05,5 - すごくきれい,99 ～ 104,2025年06月,シャインパッケージ,1200,7.9,,AC NV TV AW SR 革
シトロエン,Ｃ４ カクタス 5D 2WD,2016,ＡＴ,128,E3HM01,-1 - 修復歴あり,22 ～ 27,2025年06月,ベースグレード,1200,7.10,パール,AC NV TV AW SR 革
シトロエン,Ｃ３ 2WD,2020,ＡＴ,6,B6HN05,4 - きれい,108 ～ 111,2025年06月,緑II,1200,,,AC
シトロエン,Ｃ３ エアクロス 5D 2WD,2019,ＡＴ,78,A8HN05,4 - きれい,54 ～ 58,2025年06月,オリジンズ,1200,,,AC NV TV AW
シトロエン,Ｃ３ 2WD,2014,ＡＴ,29,A55F01,3 - 普通,6 ～ 10,2025年06月,,1600,,青,AC AW
シトロエン,Ｃ３ 5D 2WD,2015,ＡＴ,67,A5HM01,-1 - 修復歴あり,5 ～ 9,2025年06月,セダクション,1200,8.8,パール,AC AW
シトロエン,Ｃ４ 5D 2WD,2022,ＡＴ,13,C41YH01,4 - きれい,188 ～ 192,2025年06月,シャイン ブルーＨＤｉ,1500,,青,AC AW SR 革
シトロエン,Ｃ３ 5D 2WD,2015,ＡＴ,67,A5HM01,5 - すごくきれい,10 ～ 13,2025年06月,セダクション,1200,,茶,AC AW
シトロエン,ベルランゴ 5D 2WD,2021,ＡＴ,56,K9CYH01,5 - すごくきれい,181 ～ 186,2025年06月,シャイン,1500,8.4,白,AC AW SR
シトロエン,Ｃ３ エアクロス 5D 2WD,2020,ＡＴ,33,A8HN05,5 - すごくきれい,113 ～ 116,2025年06月,シャインパッケージ,1200,,,AC AW SR
シトロエン,Ｃ３ 5D 2WD,2018,ＡＴ,43,B6HN01,5 - すごくきれい,87 ～ 91,2025年06月,カフェエディション,1200,,,AC NV TV AW
シトロエン,Ｃ３ 5D 2WD,2018,ＡＴ,63,B6HN01,4 - きれい,34 ～ 38,2025年06月,カフェエディション,1200,7.7,,AC AW 革
シトロエン,Ｃ３ 5D 2WD,2006,ＡＴ,86,A31NFU,5 - すごくきれい,5 ～ 10,2025年06月,1.6,1600,,シルバー,AC AW
シトロエン,Ｃ６ 4D 2WD,2009,ＡＴ,70,X6XFV,3 - 普通,10 ～ 14,2025年06月,エクスクルーシブ,3000,,,AC NV TV AW SR 革
シトロエン,Ｃ３ 5D 2WD,2017,ＡＴ,150,B6HN01,3 - 普通,16 ～ 20,2025年06月,シャイン,1200,8.9,,AC AW SR
シトロエン,ＤＳ３ 3D 2WD,2014,ＡＴ,69,A5CHM01,4 - きれい,9 ～ 13,2025年06月,シック,1200,,パープル,AC AW 革
シトロエン,Ｃ３ 2WD,2020,ＡＴ,82,B6HN05,-1 - 修復歴あり,30 ～ 35,2025年06月,緑II,1200,,,AC
シトロエン,ＤＳ３ 3D 2WD,2014,ＡＴ,94,A5C5F01,3 - 普通,4 ～ 7,2025年06月,シック レザー エディション,1600,,,AC AW 革
シトロエン,Ｃ３ 5D 2WD,2016,ＡＴ,108,A5HM01,3 - 普通,7 ～ 12,2025年06月,セダクション レザー,1200,,黒,AC AW 革
シトロエン,Ｃ４ 2WD,2015,ＡＴ,102,B7HN02,4 - きれい,13 ～ 18,2025年06月,,1200,,ベージュ,AC AW
シトロエン,Ｃ４ ピカソ 2WD,2012,ＡＴ,105,B585F02P,-1 - 修復歴あり,6 ～ 8,2025年06月,,1600,,黒,AC AW
シトロエン,Ｃ４ カクタス 5D 2WD,2017,ＡＴ,100,E3HM01,5 - すごくきれい,40 ～ 44,2025年06月,ベースグレード,1200,8.12,パール,AC AW
シトロエン,ベルランゴ 5D 2WD,2021,ＡＴ,37,K9CYH01,5 - すごくきれい,222 ～ 226,2025年06月,シャイン,1500,,ベージュ,AC AW SR
シトロエン,Ｃ３ 5D 2WD,2011,ＡＴ,47,A55F01,3 - 普通,5 ～ 10,2025年06月,ライトブルー,1600,,,AC
シトロエン,ＤＳ３ 2WD,2011,ＡＴ,48,A5C5F01,5 - すごくきれい,15 ～ 19,2025年06月,白II,1600,8.9,,AC AW
シトロエン,Ｃ４ 5D 2WD,2017,ＡＴ,57,B7BH01,5 - すごくきれい,36 ～ 40,2025年06月,フィール ブルーＨＤｉ,1600,,黒,AC
シトロエン,ベルランゴ 5D 2WD,2021,ＡＴ,24,K9CYH01,5 - すごくきれい,224 ～ 230,2025年06月,シャイン,1500,8.8,ベージュ,AC SR
シトロエン,Ｃ４ 5D 2WD,2012,ＡＴ,174,B75F01,3 - 普通,4 ～ 9,2025年06月,セダクション,1600,,黒,AC AW
シトロエン,ベルランゴ 5D 2WD,2021,ＡＴ,37,K9CYH01,5 - すごくきれい,233 ～ 235,2025年06月,シャイン ＸＴＲ パック,1500,,ベージュ,AC SR
シトロエン,ＤＳ３ 3D 2WD,2014,ＡＴ,72,A5C5F01,-1 - 修復歴あり,9 ～ 15,2025年06月,シック レザー エディション,1600,,,AC NV TV
シトロエン,Ｃ３ 5D 2WD,2020,ＡＴ,35,B6HN05,5 - すごくきれい,92 ～ 97,2025年06月,シャイン,1200,,赤,AC NV TV AW SR 革
シトロエン,Ｃ４ 5D 2WD,2017,ＡＴ,71,B7HN02,3 - 普通,10 ～ 13,2025年06月,フィール,1200,,ワイン,AC AW
シトロエン,Ｃ３ 5D 2WD,2019,ＡＴ,34,B6HN01,5 - すごくきれい,95 ～ 99,2025年06月,オリジンズ,1200,8.5,,AC NV TV AW
シトロエン,Ｃ３ 5D 2WD,2017,ＡＴ,103,A5HM01,4 - きれい,8 ～ 12,2025年06月,セダクション レザー,1200,7.12,,AC AW
シトロエン,Ｃ３ 5D 2WD,2017,ＡＴ,35,B6HN01,5 - すごくきれい,82 ～ 86,2025年06月,シャイン デビューエディション,1200,8.5,,AC NV TV AW 革
シトロエン,Ｃ３ 5D 2WD,2014,ＡＴ,41,A5HM01,3 - 普通,4 ～ 7,2025年06月,レザーエディション,1200,,赤,AC AW
シトロエン,Ｃ３ 5D 2WD,2020,ＡＴ,51,B6HN05,5 - すごくきれい,96 ～ 101,2025年06月,インスパイアード バイ ジャパン コレクション,1200,8.2,,AC AW
シトロエン,Ｃ３ エアクロス 2WD,2021,ＡＴ,57,A8HN05,4 - きれい,102 ～ 106,2025年06月,,1200,8.7,白,AC AW SR
シトロエン,Ｃ５ 4D 2WD,2015,ＡＴ,54,X75F02,5 - すごくきれい,41 ～ 43,2025年06月,ファイナルエディション,1600,9.3,白,AC NV TV AW 革
シトロエン,ベルランゴ 5D 2WD,2024,ＡＴ,4,K9CYH01,5 - すごくきれい,260 ～ 266,2025年06月,マックス ブルーＨＤｉ,1500,9.10,白,AC AW SR
シトロエン,Ｃ３ 5D 2WD,2013,ＡＴ,80,A55F01,5 - すごくきれい,8 ～ 13,2025年06月,パールホワイト・エディション,1600,8.2,パール,AC AW
シトロエン,Ｃ４ 2WD,2015,ＡＴ,180,B7HN02,3 - 普通,6 ～ 9,2025年06月,,1200,,茶,AC NV TV AW
シトロエン,Ｃ３ 5D 2WD,2018,ＡＴ,44,B6HN01,5 - すごくきれい,67 ～ 70,2025年06月,シャイン,1200,,,AC NV TV AW
シトロエン,Ｃ４ 5D 2WD,2016,ＡＴ,53,B7HN02,5 - すごくきれい,26 ～ 29,2025年06月,セダクション アップグレードパッケージ,1200,,白,AC SR
シトロエン,ＤＳ３ 3D 2WD,2014,ＡＴ,64,A5CHM01,3 - 普通,4 ～ 7,2025年06月,ツートン,1200,,,AC AW
シトロエン,グランドＣ４ ピカソ 5D 2WD,2017,ＣＡＴ,63,B7875G01,4 - きれい,23 ～ 28,2025年06月,エクスクルーシブ,1600,8.9,白,AC NV TV SR
シトロエン,Ｃ３ 5D 2WD,2020,ＡＴ,46,B6HN05,3 - 普通,41 ～ 44,2025年06月,カラメルエディション,1200,8.10,,AC NV TV AW
シトロエン,ベルランゴ 2WD,2024,ＡＴ,6,K9CYH01L,5 - すごくきれい,311 ～ 313,2025年06月,,1500,9.7,グレー,AC
シトロエン,Ｃ３ 5D 2WD,2018,ＡＴ,26,B6HN01,5 - すごくきれい,111 ～ 115,2025年06月,カフェエディション,1200,,,AC AW 革
シトロエン,Ｃ５エアクロス 2WD,2020,ＡＴ,65,C84AH01,5 - すごくきれい,133 ～ 135,2025年06月,パールII,2000,9.2,,AC NV TV AW SR 革
シトロエン,Ｃ３ エアクロス 5D 2WD,2020,ＡＴ,29,A8HN05,4 - きれい,98 ～ 102,2025年06月,オリジンズ,1200,8.11,,AC NV TV AW
シトロエン,ＤＳ４ 5D 2WD,2012,ＡＴ,92,B7C5F02S,4 - きれい,7 ～ 13,2025年06月,シック,1600,,パール,AC AW 革
シトロエン,Ｃ３ 5D 2WD,2019,ＡＴ,36,B6HN01,5 - すごくきれい,68 ～ 74,2025年06月,シャイン,1200,8.6,,AC NV TV AW
シトロエン,グランドＣ４ ピカソ 5D 2WD,2018,ＣＡＴ,26,B787AH01,5 - すごくきれい,131 ～ 134,2025年06月,ワイルドブルー,2000,,白,AC AW SR
シトロエン,Ｃ３ 5D 2WD,2018,ＡＴ,88,B6HN01,5 - すごくきれい,37 ～ 43,2025年06月,コロラドエディション,1200,,赤,AC AW
シトロエン,Ｃ３ 5D 2WD,2010,ＡＴ,45,A55F01,4 - きれい,7 ～ 10,2025年06月,ベースグレード,1600,,ワイン,AC AW
シトロエン,Ｃ３ 5D 2WD,2022,ＡＴ,3,B6HN05,5 - すごくきれい,141 ～ 145,2025年06月,シャイン,1200,,白,AC NV TV AW
シトロエン,Ｃ４ ピカソ 5D 2WD,2014,ＣＡＴ,161,B785G01,3 - 普通,6 ～ 10,2025年06月,エクスクルーシブ,1600,8.5,シルバー,AC NV TV AW
シトロエン,Ｃ３ 5D 2WD,2017,ＡＴ,77,B6HN01,3 - 普通,11 ～ 16,2025年06月,シャイン デビューエディション,1200,8.10,,AC AW SR
シトロエン,ＤＳ３ 2WD,2012,ＡＴ,116,A5C5F01,3 - 普通,5 ～ 9,2025年06月,黄II,1600,,,AC